2	 -0.073151	  0.069214	  0.022049	  2.788223	  7.051041	  5.996323
6	 -0.105194	  0.081497	  0.025253	  2.719193	  7.096268	  6.041550
11	 -0.126556	  0.099121	  0.018845	  2.621597	  7.010574	  5.882065
16	 -0.141510	  0.114609	  0.016174	  2.614456	  6.932022	  5.767807
20	 -0.150055	  0.115143	  0.012436	  2.726334	  6.760635	  5.610703
27	 -0.159134	  0.109268	  0.014038	  2.697769	  6.643997	  5.408371
32	 -0.160202	  0.099655	  0.019379	  2.714432	  6.577347	  5.198898
36	 -0.155396	  0.086304	  0.030594	  2.714432	  6.563065	  5.079880
41	 -0.145782	  0.064941	  0.037003	  2.678726	  6.539261	  5.029892
46	 -0.127625	  0.042511	  0.048218	  2.695389	  6.574966	  5.027512
51	 -0.106262	  0.025955	  0.055695	  2.673965	  6.613052	  4.944199
56	 -0.084900	  0.012604	  0.061035	  2.719193	  6.722549	  5.048935
61	 -0.058731	  0.003525	  0.054626	  2.647781	  6.858231	  5.110825
66	 -0.028290	  0.012604	  0.047150	  2.640640	  7.003433	  5.148911
71	 -0.000519	  0.024887	  0.035400	  2.716812	  7.143875	  5.356003
77	  0.030991	  0.058533	  0.016708	  2.752518	  7.227188	  5.584518
81	  0.066772	  0.107666	  0.000153	  2.738235	  7.343826	  5.855881
88	  0.095612	  0.170151	 -0.016937	  2.702530	  7.346207	  5.917770
92	  0.129257	  0.237442	 -0.035095	  2.609695	  7.386673	  5.960617
96	  0.161301	  0.297256	 -0.054855	  2.616837	  7.400955	  5.996323
102	  0.184799	  0.343719	 -0.073547	  2.607315	  7.289078	  5.977280
107	  0.196014	  0.364014	 -0.092239	  2.673965	  7.158157	  5.989182
112	  0.191208	  0.361877	 -0.100784	  2.904861	  6.901077	  5.946335
117	  0.174118	  0.327164	 -0.100784	  2.873917	  6.803482	  5.886826
122	  0.141006	  0.266281	 -0.095978	  2.971512	  6.663040	  5.663071
127	  0.104691	  0.181900	 -0.084229	  3.042923	  6.660660	  5.517868
132	  0.060364	  0.089508	 -0.068207	  3.114334	  6.653519	  5.653549
137	  0.012833	 -0.008224	 -0.050583	  3.178604	  6.777298	  5.572617
142	 -0.045914	 -0.096878	 -0.032425	  3.128616	  6.813004	  5.663071
147	 -0.103058	 -0.168976	 -0.016937	  3.083389	  6.912979	  5.805893
152	 -0.156998	 -0.218109	 -0.004654	  2.885818	  7.058182	  5.824936
157	 -0.199722	 -0.241608	 -0.000916	  2.742996	  7.136734	  5.865402
162	 -0.235504	 -0.234665	 -0.000381	  2.664444	  7.222427	  5.910629
167	 -0.254196	 -0.199417	 -0.007324	  2.524002	  7.243851	  6.034409
172	 -0.262741	 -0.136932	 -0.021210	  2.357376	  7.267654	  5.860641
177	 -0.257935	 -0.052017	 -0.038834	  2.364517	  7.255753	  5.760666
188	 -0.231232	  0.035568	 -0.059128	  2.305008	  7.172440	  5.732101
188	 -0.196518	  0.129028	 -0.083160	  2.314529	  7.243851	  5.663071
193	 -0.155396	  0.219818	 -0.105591	  2.352615	  7.208145	  5.860641
197	 -0.111603	  0.297256	 -0.126953	  2.390701	  7.167679	  5.691635
202	 -0.069946	  0.361343	 -0.148849	  2.474014	  7.243851	  5.598801
207	 -0.026154	  0.397659	 -0.167007	  2.590652	  7.241470	  5.858261
213	  0.009094	  0.413681	 -0.182495	  2.678726	  7.272415	  5.765427
217	  0.046478	  0.416885	 -0.192642	  2.776321	  7.224808	  5.705917
222	  0.077454	  0.396057	 -0.196915	  2.892960	  7.179581	  5.589279
227	  0.108963	  0.357605	 -0.193176	  2.897720	  7.193863	  5.551193
232	  0.138336	  0.300461	 -0.186768	  3.026260	  7.153397	  5.605942
237	  0.161301	  0.228363	 -0.169144	  3.057205	  7.146255	  5.563095
242	  0.186401	  0.151993	 -0.150986	  3.078629	  7.143875	  5.505966
247	  0.199219	  0.068146	 -0.124817	  3.052444	  7.160538	  5.451218
253	  0.213104	 -0.013565	 -0.095444	  3.009598	  7.162918	  5.498825
258	  0.224319	 -0.081924	 -0.072479	  2.966751	  7.224808	  5.541672
263	  0.230728	 -0.140671	 -0.043106	  2.907242	  7.265274	  5.617844
268	  0.228058	 -0.213837	  0.004425	  2.866776	  7.284317	  5.672592
272	  0.228058	 -0.213837	  0.004425	  2.766800	  7.374771	  5.746384
277	  0.219513	 -0.234665	  0.019913	  2.695389	  7.365250	  5.646408
283	  0.205627	 -0.246948	  0.034866	  2.657303	  7.386673	  5.710678
288	  0.193878	 -0.240540	  0.035934	  2.557327	  7.374771	  5.717819
293	  0.178925	 -0.223984	  0.033264	  2.483536	  7.372391	  5.694016
298	  0.163971	 -0.202621	  0.025253	  2.478775	  7.381912	  5.720200
303	  0.141006	 -0.173248	  0.017242	  2.438309	  7.312881	  5.655930
308	  0.121780	 -0.139603	  0.010834	  2.407364	  7.203384	  5.610703
314	  0.095078	 -0.103821	  0.002289	  2.388321	  7.112930	  5.710678
318	  0.062500	 -0.062698	  0.002823	  2.395462	  7.110550	  5.715439
323	  0.028854	 -0.027451	  0.000687	  2.340714	  7.155777	  5.805893
328	 -0.010132	  0.000320	 -0.000381	  2.319290	  7.189102	  5.867783
333	 -0.038437	  0.025955	 -0.000381	  2.359756	  7.129593	  5.724960
338	 -0.063004	  0.038773	  0.006027	  2.431168	  7.077225	  5.553574
343	 -0.082230	  0.044647	  0.015106	  2.459732	  7.001053	  5.463120
348	 -0.094513	  0.040909	  0.023117	  2.490677	  6.991531	  5.317917
353	 -0.100388	  0.031830	  0.033798	  2.514481	  7.022476	  5.256027
358	 -0.103058	  0.016342	  0.039139	  2.488297	  7.029617	  5.184616
363	 -0.104660	  0.004593	  0.047150	  2.502579	  6.965347	  5.225082
368	 -0.102524	 -0.010895	  0.051956	  2.464493	  7.003433	  5.277451
373	 -0.103592	 -0.023712	  0.063705	  2.464493	  7.003433	  5.277451
378	 -0.107864	 -0.030655	  0.072784	  2.528763	  7.051041	  5.215561
383	 -0.108932	 -0.039734	  0.081329	  2.497818	  7.122452	  5.313156
388	 -0.111603	 -0.052551	  0.089340	  2.466873	  7.167679	  5.341721
393	 -0.109467	 -0.055222	  0.096283	  2.474014	  7.093887	  5.251266
398	 -0.105728	 -0.062698	  0.101624	  2.452591	  7.101028	  5.263168
404	 -0.102524	 -0.068573	  0.101624	  2.385941	  7.096268	  5.298874
408	 -0.103058	 -0.071243	  0.098419	  2.409744	  7.155777	  5.329819
414	 -0.098251	 -0.072845	  0.094681	  2.352615	  7.174820	  5.306015
419	 -0.094513	 -0.068039	  0.089874	  2.352615	  7.210526	  5.353622
424	 -0.092377	 -0.060028	  0.081863	  2.381180	  7.231949	  5.420273
429	 -0.091843	 -0.048813	  0.075989	  2.397842	  7.270035	  5.441696
434	 -0.093979	 -0.036530	  0.065308	  2.347855	  7.279556	  5.448837
439	 -0.092911	 -0.024246	  0.055161	  2.366898	  7.300980	  5.434555
444	 -0.091843	 -0.016769	  0.045547	  2.378799	  7.298599	  5.439316
449	 -0.084900	 -0.005020	  0.037537	  2.409744	  7.284317	  5.458359
453	 -0.077423	  0.005127	  0.033264	  2.402603	  7.277176	  5.496445
459	 -0.074219	  0.012070	  0.028992	  2.400223	  7.308121	  5.370285
464	 -0.065674	  0.020081	  0.028458	  2.426407	  7.265274	  5.463120
469	 -0.060867	  0.022217	  0.031662	  2.462112	  7.315262	  5.417892
474	 -0.056061	  0.023285	  0.037003	  2.512100	  7.289078	  5.503586
479	 -0.058197	  0.021683	  0.046082	  2.483536	  7.308121	  5.558334
484	 -0.061935	  0.018478	  0.052490	  2.540665	  7.281937	  5.660690
489	 -0.068878	  0.013672	  0.058365	  2.566849	  7.239090	  5.613083
494	 -0.075821	  0.005127	  0.064240	  2.595413	  7.277176	  5.717819
499	 -0.083832	 -0.001816	  0.066910	  2.504959	  7.265274	  5.677353
504	 -0.088638	 -0.005554	  0.063705	  2.519241	  7.210526	  5.732101
509	 -0.093445	 -0.008759	  0.061569	  2.562088	  7.191483	  5.760666
515	 -0.095581	 -0.014633	  0.054626	  2.545425	  7.241470	  5.774948
519	 -0.097717	 -0.013565	  0.048752	  2.490677	  7.193863	  5.829697
525	 -0.100388	 -0.010895	  0.042877	  2.483536	  7.186722	  5.822556
530	 -0.100388	 -0.003952	  0.040741	  2.521622	  7.201004	  5.841599
534	 -0.096649	  0.001389	  0.035400	  2.488297	  7.241470	  5.839218
540	 -0.099854	  0.012604	  0.035400	  2.459732	  7.262894	  5.832077
545	 -0.097717	  0.025955	  0.032730	  2.471634	  7.277176	  5.758286
550	 -0.092377	  0.035568	  0.029526	  2.474014	  7.281937	  5.701157
555	 -0.087036	  0.046783	  0.029526	  2.521622	  7.258133	  5.786850
560	 -0.079025	  0.056931	  0.028992	  2.466873	  7.253372	  5.722580
565	 -0.071014	  0.068680	  0.030060	  2.514481	  7.267654	  5.843979
570	 -0.064072	  0.078293	  0.034866	  2.573990	  7.243851	  5.789230
578	 -0.053925	  0.088440	  0.038071	  2.521622	  7.308121	  5.846359
580	 -0.048584	  0.090576	  0.038071	  2.545425	  7.246231	  5.851120
587	 -0.040573	  0.097519	  0.040207	  2.540665	  7.193863	  5.860641
596	 -0.038437	  0.094849	  0.045547	  2.578751	  7.189102	  5.863022
597	 -0.032562	  0.090042	  0.043411	  2.581131	  7.201004	  5.717819
600	 -0.019745	  0.085770	  0.041809	  2.628738	  7.167679	  5.686874
614	 -0.016006	  0.078827	  0.042877	  2.588272	  7.096268	  5.746384
615	 -0.009598	  0.066010	  0.039139	  2.576370	  7.084366	  5.748764
616	  0.000015	  0.051056	  0.035934	  2.640640	  7.110550	  5.729721
624	  0.005890	  0.036102	  0.032196	  2.685867	  7.127213	  5.786850
626	  0.010162	  0.017410	  0.028458	  2.719193	  7.148636	  5.772568
631	  0.010162	  0.001923	  0.030594	  2.747757	  7.112930	  5.696396
636	  0.013367	 -0.011963	  0.035400	  2.762039	  7.191483	  5.763046
640	  0.011765	 -0.023178	  0.039139	  2.752518	  7.227188	  5.679733
646	  0.006424	 -0.032257	  0.043411	  2.714432	  7.229568	  5.684494
653	  0.001617	 -0.039734	  0.045547	  2.714432	  7.250992	  5.732101
656	 -0.003189	 -0.043472	  0.042343	  2.712051	  7.324783	  5.763046
661	 -0.004257	 -0.045074	  0.037537	  2.664444	  7.317642	  5.598801
666	 -0.005325	 -0.045074	  0.030060	  2.590652	  7.353348	  5.594040
671	 -0.001053	 -0.039734	  0.015640	  2.485916	  7.329544	  5.541672
676	  0.008560	 -0.035995	  0.002289	  2.545425	  7.272415	  5.641647
681	  0.015503	 -0.021576	 -0.013733	  2.481155	  7.224808	  5.546432
685	  0.024048	 -0.008224	 -0.026016	  2.476395	  7.177200	  5.501205
692	  0.034195	  0.007263	 -0.038300	  2.471634	  7.208145	  5.477402
696	  0.037933	  0.024887	 -0.045242	  2.540665	  7.129593	  5.608322
700	  0.039536	  0.040375	 -0.052719	  2.535904	  7.124832	  5.648788
706	  0.035797	  0.061737	 -0.055389	  2.573990	  7.162918	  5.798752
710	  0.027786	  0.077225	 -0.051117	  2.633499	  7.174820	  5.748764
717	  0.018707	  0.094849	 -0.051117	  2.683487	  7.153397	  5.708298
722	  0.010696	  0.103928	 -0.042038	  2.673965	  7.103409	  5.572617
727	  0.005356	  0.104996	 -0.037231	  2.683487	  7.046280	  5.551193
732	  0.006424	  0.102859	 -0.031357	  2.740616	  6.998672	  5.546432
737	  0.005356	  0.099121	 -0.029221	  2.731094	  7.029617	  5.486923
742	  0.010696	  0.091644	 -0.029221	  2.704910	  7.086746	  5.482162
747	  0.010162	  0.091110	 -0.035095	  2.716812	  7.091507	  5.574997
752	  0.011230	  0.085770	 -0.039902	  2.664444	  7.112930	  5.489304
757	  0.012299	  0.082031	 -0.047379	  2.626358	  7.060562	  5.513107
762	  0.013901	  0.085236	 -0.054321	  2.671585	  7.024857	  5.505966
767	  0.014969	  0.084702	 -0.060196	  2.664444	  7.036758	  5.486923
771	  0.018173	  0.079361	 -0.068207	  2.635880	  7.017715	  5.441696
776	  0.018707	  0.077759	 -0.071945	  2.709671	  6.967728	  5.522629
781	  0.018173	  0.073486	 -0.073013	  2.719193	  6.972488	  5.439316
786	  0.021912	  0.064941	 -0.070343	  2.757278	  6.951065	  5.455978
791	  0.018173	  0.055862	 -0.061264	  2.766800	  6.943924	  5.541672
796	  0.009628	  0.048920	 -0.052719	  2.790604	  6.982010	  5.624985
801	  0.005356	  0.045181	 -0.042038	  2.738235	  6.972488	  5.627365
806	 -0.002121	  0.042511	 -0.032959	  2.742996	  6.967728	  5.679733
811	 -0.020279	  0.046249	 -0.025482	  2.726334	  6.955826	  5.679733
817	 -0.033096	  0.051590	 -0.020142	  2.735855	  6.974869	  5.786850
821	 -0.043243	  0.061203	 -0.015869	  2.733475	  6.998672	  5.786850
826	 -0.056061	  0.068146	 -0.015869	  2.659683	  7.058182	  5.786850
831	 -0.067810	  0.079895	 -0.019073	  2.604935	  7.086746	  5.863022
836	 -0.076889	  0.091644	 -0.027618	  2.659683	  7.079605	  5.746384
841	 -0.084366	  0.090576	 -0.034561	  2.662064	  7.120071	  5.589279
846	 -0.081696	  0.093246	 -0.042038	  2.700150	  7.081985	  5.560715
851	 -0.074219	  0.088440	 -0.050583	  2.716812	  7.077225	  5.591660
857	 -0.063538	  0.085236	 -0.056992	  2.707291	  7.060562	  5.548813
862	 -0.056061	  0.079895	 -0.064468	  2.721573	  7.053421	  5.622604
867	 -0.048050	  0.072952	 -0.068207	  2.750137	  7.089127	  5.639267
874	 -0.036835	  0.053726	 -0.069275	  2.738235	  7.108170	  5.603561
878	 -0.036835	  0.053726	 -0.069275	  2.750137	  7.074844	  5.660690
883	 -0.035233	  0.045715	 -0.069809	  2.742996	  7.122452	  5.703537
886	 -0.033096	  0.034500	 -0.073013	  2.723953	  7.112930	  5.696396
893	 -0.034164	  0.024887	 -0.073013	  2.697769	  7.174820	  5.694016
897	 -0.035233	  0.011536	 -0.076752	  2.619217	  7.124832	  5.672592
903	 -0.030960	 -0.009293	 -0.090103	  2.573990	  7.117691	  5.620224
908	 -0.030426	 -0.010895	 -0.098114	  2.547806	  7.103409	  5.636887
913	 -0.030426	 -0.015701	 -0.103989	  2.493057	  7.158157	  5.663071
919	 -0.028824	 -0.011963	 -0.109329	  2.495438	  7.196243	  5.651169
923	 -0.030426	 -0.009293	 -0.113068	  2.426407	  7.186722	  5.691635
928	 -0.031494	  0.002991	 -0.117340	  2.438309	  7.220047	  5.734482
933	 -0.035767	  0.015274	 -0.121078	  2.402603	  7.162918	  5.789230
938	 -0.041641	  0.029694	 -0.122681	  2.393082	  7.174820	  5.789230
943	 -0.048584	  0.045715	 -0.122147	  2.393082	  7.217667	  5.905869
947	 -0.057663	  0.060669	 -0.121613	  2.366898	  7.198624	  5.943954
954	 -0.068344	  0.071884	 -0.123215	  2.343094	  7.158157	  5.932053
959	 -0.076889	  0.078827	 -0.123215	  2.293106	  7.153397	  5.934433
965	 -0.084366	  0.083099	 -0.121078	  2.340714	  7.127213	  5.910629
968	 -0.090240	  0.078827	 -0.122147	  2.302628	  7.048660	  5.889206
973	 -0.095047	  0.079895	 -0.116806	  2.345474	  7.020096	  5.874924
978	 -0.101990	  0.075623	 -0.114670	  2.388321	  7.024857	  5.884445
990	 -0.109467	  0.074020	 -0.110397	  2.350235	  7.020096	  5.872543
991	 -0.118546	  0.068680	 -0.103455	  2.385941	  7.031998	  5.848740
996	 -0.127090	  0.068146	 -0.097046	  2.333572	  6.970108	  5.836838
998	 -0.134567	  0.063339	 -0.089035	  2.354996	  6.970108	  5.910629
1003	 -0.142044	  0.053192	 -0.079956	  2.371658	  6.951065	  5.891586
1008	 -0.147385	  0.048920	 -0.067139	  2.378799	  6.958206	  5.753525
1014	 -0.145248	  0.044647	 -0.051117	  2.385941	  6.922501	  5.708298
1029	 -0.139374	  0.034500	 -0.036697	  2.345474	  6.927261	  5.698776
1030	 -0.129761	  0.024353	 -0.021744	  2.443069	  6.912979	  5.613083
1031	 -0.120682	  0.012604	 -0.008392	  2.347855	  6.972488	  5.527390
1036	 -0.103592	  0.004059	  0.003357	  2.295486	  6.870132	  5.582138
1038	 -0.089706	 -0.002884	  0.011902	  2.321671	  6.948685	  5.720200
1043	 -0.078491	 -0.004486	  0.012970	  2.250259	  6.939163	  5.603561
1049	 -0.068878	 -0.004486	  0.015106	  2.297867	  6.972488	  5.758286
1053	 -0.063004	 -0.005554	  0.014572	  2.309769	  6.932022	  5.751144
1058	 -0.064606	  0.000854	  0.017242	  2.328812	  6.962967	  5.791611
1063	 -0.067810	  0.004593	  0.019913	  2.364517	  6.982010	  5.827316
1068	 -0.074753	  0.007263	  0.023651	  2.376419	  6.989151	  5.793991
1074	 -0.082764	  0.009399	  0.026321	  2.381180	  6.955826	  5.732101
1079	 -0.088638	  0.004059	  0.030060	  2.424026	  6.946304	  5.755905
1085	 -0.095581	 -0.001282	  0.037003	  2.409744	  6.908218	  5.798752
1090	 -0.101990	 -0.006622	  0.042877	  2.369278	  6.948685	  5.789230
1094	 -0.111069	 -0.011963	  0.045547	  2.407364	  6.924881	  5.843979
1098	 -0.119080	 -0.016235	  0.050888	  2.404984	  6.927261	  5.927292
1107	 -0.129227	 -0.019974	  0.052490	  2.438309	  6.943924	  6.036789
1110	 -0.139374	 -0.018372	  0.055695	  2.376419	  6.977249	  5.986801
1115	 -0.148987	 -0.014099	  0.057297	  2.354996	  7.017715	  5.972519
1119	 -0.160202	 -0.008759	  0.054092	  2.374039	  6.970108	  6.010605
1123	 -0.167145	 -0.005554	  0.051956	  2.350235	  6.893936	  5.863022
1130	 -0.165009	 -0.001816	  0.045013	  2.319290	  6.858231	  5.713058
1135	 -0.156464	  0.003525	  0.042343	  2.338333	  6.886795	  5.796371
1140	 -0.150589	  0.004059	  0.037003	  2.269302	  6.965347	  5.836838
1145	 -0.141510	  0.012604	  0.031662	  2.312149	  6.996292	  5.832077
1149	 -0.136169	  0.022217	  0.024719	  2.271683	  7.027237	  5.874924
1155	 -0.126556	  0.032364	  0.020447	  2.233597	  7.022476	  5.898727
1159	 -0.121750	  0.047852	  0.017242	  2.259781	  7.031998	  5.867783
1165	 -0.116943	  0.061737	  0.015640	  2.228836	  7.031998	  5.851120
1170	 -0.107864	  0.074554	  0.006561	  2.200272	  6.998672	  5.872543
1175	 -0.098251	  0.088440	 -0.000381	  2.205032	  7.022476	  5.867783
1179	 -0.092377	  0.103394	 -0.004654	  2.200272	  7.034378	  5.865402
1184	 -0.083298	  0.111404	 -0.014801	  2.178848	  6.979630	  5.770187
1189	 -0.068878	  0.116211	 -0.021210	  2.216934	  6.939163	  5.841599
1194	 -0.057663	  0.119415	 -0.027084	  2.259781	  6.867752	  5.893967
1200	 -0.044846	  0.119415	 -0.030823	  2.305008	  6.898697	  5.917770
1205	 -0.033630	  0.118881	 -0.030823	  2.295486	  6.898697	  5.927292
1210	 -0.024551	  0.110870	 -0.027618	  2.345474	  6.815384	  5.917770
1215	 -0.019211	  0.101257	 -0.022812	  2.326431	  6.820145	  6.001083
1220	 -0.016541	  0.088440	 -0.015869	  2.362137	  6.824905	  6.046310
1225	 -0.017609	  0.072952	 -0.007858	  2.338333	  6.824905	  6.039169
1229	 -0.016541	  0.059067	  0.000153	  2.316910	  6.765396	  6.032028
1234	 -0.013336	  0.040375	  0.012436	  2.357376	  6.696365	  6.005844
1239	 -0.012268	  0.022751	  0.023117	  2.321671	  6.679703	  5.984421
1244	 -0.011734	  0.005661	  0.034332	  2.290726	  6.705887	  5.958237
1249	 -0.012802	 -0.003418	  0.043411	  2.300247	  6.729691	  5.986801
1255	 -0.018143	 -0.008224	  0.055695	  2.295486	  6.708267	  6.105820
1259	 -0.021881	 -0.009827	  0.059433	  2.252640	  6.751114	  6.167709
1264	 -0.032562	 -0.001816	  0.067978	  2.283585	  6.710648	  6.241501
1270	 -0.045380	  0.013672	  0.073853	  2.338333	  6.763016	  6.205795
1275	 -0.060333	  0.028625	  0.080795	  2.328812	  6.820145	  6.279587
1281	 -0.070480	  0.038773	  0.084534	  2.324051	  6.777298	  6.148666
1286	 -0.079025	  0.047852	  0.084000	  2.362137	  6.739212	  6.043930
1291	 -0.082764	  0.048920	  0.085068	  2.416885	  6.715408	  6.046310
1294	 -0.084366	  0.048386	  0.083466	  2.438309	  6.727310	  6.024887
1299	 -0.084366	  0.040909	  0.085068	  2.443069	  6.674942	  6.122482
1306	 -0.085968	  0.033966	  0.084534	  2.500198	  6.717789	  6.046310
1311	 -0.087036	  0.021683	  0.080795	  2.459732	  6.755875	  6.020126
1316	 -0.085434	  0.007797	  0.078125	  2.514481	  6.705887	  5.965378
1322	 -0.083832	 -0.004486	  0.080795	  2.493057	  6.732071	  6.051071
1326	 -0.085968	 -0.006622	  0.079727	  2.509720	  6.815384	  6.032028
1331	 -0.085434	 -0.009293	  0.082932	  2.495438	  6.879654	  6.055832
1335	 -0.088104	 -0.007690	  0.083466	  2.497818	  6.905838	  6.065353
1341	 -0.091843	 -0.007690	  0.082932	  2.495438	  6.941544	  6.110580
1346	 -0.095047	 -0.005020	  0.082932	  2.502579	  6.920120	  6.098679
1351	 -0.097717	  0.000854	  0.084000	  2.488297	  6.946304	  6.055832
1355	 -0.101990	  0.001923	  0.080261	  2.502579	  6.891556	  6.093918
1361	 -0.105728	  0.007797	  0.076523	  2.531143	  6.898697	  6.155807
1369	 -0.110001	  0.013672	  0.074387	  2.519241	  6.896317	  6.208176
1371	 -0.116943	  0.014740	  0.067978	  2.493057	  6.889175	  6.196274
1376	 -0.119614	  0.019547	  0.062103	  2.524002	  6.879654	  6.224838
1381	 -0.126022	  0.017410	  0.056229	  2.550186	  6.889175	  6.241501
1394	 -0.127625	  0.019012	  0.053024	  2.583511	  6.865372	  6.262924
1394	 -0.129227	  0.019012	  0.044479	  2.588272	  6.922501	  6.272446
1396	 -0.130829	  0.014740	  0.040207	  2.626358	  6.912979	  6.303391
1401	 -0.130295	  0.009399	  0.040741	  2.626358	  6.922501	  6.224838
1406	 -0.129227	  0.005127	  0.036469	  2.609695	  6.962967	  6.246262
1412	 -0.125488	 -0.001282	  0.035934	  2.657303	  6.946304	  6.286728
1416	 -0.121750	 -0.003418	  0.036469	  2.645401	  6.967728	  6.329575
1422	 -0.110001	 -0.005554	  0.034866	  2.600174	  7.008194	  6.248642
1426	 -0.107330	 -0.007156	  0.033798	  2.600174	  7.020096	  6.331955
1431	 -0.099854	 -0.006622	  0.031662	  2.543045	  7.081985	  6.253403
1437	 -0.092377	  0.000854	  0.022583	  2.531143	  7.046280	  6.162949
1442	 -0.084366	  0.006729	  0.011368	  2.516861	  6.929642	  6.255783
1447	 -0.073685	  0.012604	  0.000687	  2.493057	  7.003433	  6.400986
1462	 -0.069412	  0.015274	 -0.012665	  2.450211	  6.965347	  6.191513
1463	 -0.059265	  0.017944	 -0.026016	  2.476395	  6.953445	  6.177231
1463	 -0.044312	  0.019547	 -0.035095	  2.471634	  6.901077	  6.141525
1469	 -0.029892	  0.021683	 -0.044708	  2.421646	  6.846329	  6.124863
1471	 -0.017609	  0.021683	 -0.048981	  2.457352	  6.877274	  6.120102
1476	 -0.001053	  0.023285	 -0.052185	  2.450211	  6.882034	  6.193893
1483	  0.007492	  0.022751	 -0.056458	  2.426407	  6.855850	  6.205795
1487	  0.012833	  0.024887	 -0.058060	  2.383560	  6.893936	  6.229599
1492	  0.017105	  0.027557	 -0.060196	  2.371658	  6.851089	  6.251022
1497	  0.019775	  0.026489	 -0.063400	  2.383560	  6.851089	  6.203415
1502	  0.024582	  0.027023	 -0.064468	  2.383560	  6.801102	  6.210556
1507	  0.028320	  0.023819	 -0.063934	  2.357376	  6.817764	  6.134384
1512	  0.040604	  0.016342	 -0.065002	  2.371658	  6.748734	  6.160568
1518	  0.045410	  0.012604	 -0.060730	  2.409744	  6.748734	  6.143906
1522	  0.057159	  0.000854	 -0.050583	  2.381180	  6.743973	  6.112961
1528	  0.060364	 -0.001282	 -0.047913	  2.366898	  6.748734	  6.198654
1531	  0.060364	 -0.004486	 -0.041504	  2.374039	  6.774918	  6.167709
1538	  0.056625	 -0.002350	 -0.037766	  2.383560	  6.808243	  6.177231
1542	  0.047546	 -0.001282	 -0.031891	  2.354996	  6.851089	  6.224838
1548	  0.038467	  0.004059	 -0.032425	  2.347855	  6.805862	  6.265305
1552	  0.028320	  0.009399	 -0.028687	  2.302628	  6.798721	  6.260544
1557	  0.020844	  0.008865	 -0.023880	  2.328812	  6.767776	  6.170090
1561	  0.014969	  0.011536	 -0.021744	  2.314529	  6.791580	  6.122482
1568	  0.008560	  0.012070	 -0.021210	  2.293106	  6.791580	  6.074875
1573	  0.005890	  0.014740	 -0.019608	  2.262161	  6.832047	  6.117722
1578	 -0.001587	  0.009399	 -0.018539	  2.300247	  6.815384	  6.132004
1582	 -0.001053	  0.007263	 -0.010529	  2.297867	  6.798721	  6.053452
1587	  0.000015	  0.001389	 -0.004120	  2.305008	  6.782059	  6.091537
1592	  0.002686	 -0.004486	  0.006027	  2.295486	  6.763016	  5.996323
1598	  0.002151	 -0.010895	  0.018311	  2.326431	  6.760635	  6.086777
1611	  0.005356	 -0.017303	  0.027924	  2.357376	  6.743973	  6.024887
1612	  0.003754	 -0.024246	  0.034866	  2.324051	  6.801102	  6.124863
1613	 -0.001587	 -0.025848	  0.041809	  2.293106	  6.822525	  6.101059
1620	 -0.010666	 -0.027451	  0.051956	  2.278824	  6.832047	  6.167709
1623	 -0.016006	 -0.025848	  0.055161	  2.283585	  6.810623	  6.148666
1628	 -0.016541	 -0.026382	  0.058365	  2.271683	  6.834427	  6.098679
1632	 -0.016006	 -0.027985	  0.056763	  2.259781	  6.815384	  6.017746
1637	 -0.011734	 -0.026917	  0.053024	  2.262161	  6.834427	  6.062973
1642	 -0.006927	 -0.024246	  0.048752	  2.266922	  6.841568	  6.062973
1647	 -0.002121	 -0.019974	  0.045013	  2.274063	  6.841568	  6.160568
1653	  0.000015	 -0.015701	  0.037537	  2.259781	  6.827286	  6.174850
1658	  0.003220	 -0.010361	  0.030594	  2.293106	  6.827286	  6.146286
1662	  0.005890	 -0.005554	  0.027924	  2.335953	  6.820145	  6.146286
1667	  0.005356	  0.003525	  0.024719	  2.347855	  6.829666	  6.217697
1672	  0.001617	  0.008865	  0.024185	  2.352615	  6.851089	  6.339096
1679	 -0.003723	  0.011002	  0.024719	  2.338333	  6.865372	  6.286728
1684	 -0.008530	  0.016342	  0.032730	  2.340714	  6.862991	  6.296249
1689	 -0.011200	  0.013672	  0.035400	  2.383560	  6.891556	  6.272446
1694	 -0.012802	  0.008865	  0.043945	  2.340714	  6.867752	  6.277206
1697	 -0.012268	 -0.002884	  0.047684	  2.307388	  6.936783	  6.224838
1703	 -0.007996	  0.004593	  0.058899	  2.285965	  6.920120	  6.462875
1707	 -0.004257	  0.006195	  0.064240	  2.274063	  7.003433	  6.529526
1714	  0.000015	  0.007263	  0.071182	  2.324051	  6.991531	  6.472397
1719	  0.008560	  0.011002	  0.078659	  2.376419	  7.029617	  6.631882
1724	  0.016571	  0.021683	  0.087204	  2.235977	  7.234329	  6.793747
1728	  0.019775	  0.041977	  0.089874	  2.247879	  7.284317	  6.965134
1733	  0.026718	  0.055328	  0.091476	  2.266922	  7.284317	  7.074631
1739	  0.039001	  0.072952	  0.095215	  2.200272	  7.424759	  6.922287
1743	  0.064102	  0.093246	  0.094681	  2.245499	  7.524734	  7.169846
1748	  0.082794	  0.111404	  0.095749	  2.314529	  7.610428	  7.310287
1754	  0.104156	  0.127426	  0.097885	  2.314529	  7.736588	  7.374557
1759	  0.127655	  0.142914	  0.098953	  2.431168	  7.884171	  7.400742
1764	  0.154358	  0.146652	  0.111237	  2.507339	  8.096024	  7.726852
1769	  0.171448	  0.154663	  0.124054	  2.597794	  8.215042	  8.022018
1774	  0.179993	  0.158936	  0.139008	  2.716812	  8.295975	  8.205307
1779	  0.189072	  0.161606	  0.155029	  2.666824	  8.410233	  8.112473
1784	  0.203491	  0.147720	  0.171585	  2.695389	  8.526871	  8.288620
1796	  0.215775	  0.132233	  0.189209	  2.766800	  8.681595	  8.555222
1796	  0.226990	  0.107666	  0.209503	  2.752518	  8.810135	  8.638535
1801	  0.236069	  0.078827	  0.227127	  2.833450	  8.952957	  8.781357
1804	  0.252090	  0.047852	  0.245819	  2.809647	  9.041031	  8.988449
1808	  0.270782	  0.007797	  0.266647	  2.857254	  9.138626	  9.119370
1814	  0.296417	 -0.034927	  0.288544	  2.942947	  9.324295	  8.895615
1818	  0.340744	 -0.073914	  0.309906	  2.862015	  9.490921	  8.893234
1824	  0.396286	 -0.120377	  0.332336	  2.904861	  9.471878	  9.047958
1828	  0.461441	 -0.164703	  0.351028	  2.866776	  9.486160	  8.933701
1835	  0.536743	 -0.201553	  0.367584	  2.888199	  9.517105	  9.093185
1838	  0.621124	 -0.233063	  0.381470	  2.866776	  9.545670	  9.200302
1843	  0.701767	 -0.253357	  0.392685	  2.795364	  9.657547	  9.395493
1848	  0.779739	 -0.256561	  0.393753	  2.781082	  9.614700	  9.450241
1854	  0.856110	 -0.252289	  0.391083	  2.700150	  9.531387	  9.557358
1859	  0.924469	 -0.242142	  0.380936	  2.671585	  9.512344	  9.426437
1864	  0.992294	 -0.225052	  0.363846	  2.671585	  9.450455	  9.314560
1869	  1.060120	 -0.211700	  0.344086	  2.764420	  9.371902	  9.162216
1874	  1.123138	 -0.206894	  0.318451	  2.752518	  9.250504	  8.945602
1879	  1.181885	 -0.208496	  0.301361	  2.883438	  9.150528	  8.826584
1885	  1.241165	 -0.223450	  0.283203	  2.890579	  9.057693	  8.598068
1890	  1.297775	 -0.246414	  0.273590	  2.909622	  8.957718	  8.302902
1895	  1.349579	 -0.282196	  0.263977	  2.952469	  8.850601	  7.895859
1900	  1.403519	 -0.328125	  0.259171	  2.950089	  8.672073	  7.562607
1905	  1.461197	 -0.378326	  0.256500	  3.031021	  8.562576	  7.362656
1909	  1.510864	 -0.430130	  0.256500	  3.092911	  8.367386	  7.215073
1914	  1.555191	 -0.470718	  0.264511	  3.140518	  8.191238	  7.048447
1921	  1.589905	 -0.508636	  0.271988	  3.107193	  7.986526	  6.729477
1925	  1.617142	 -0.544418	  0.278397	  3.107193	  7.831802	  6.460495
1930	  1.633698	 -0.581802	  0.286942	  3.166702	  7.629471	  6.196274
1936	  1.644379	 -0.612778	  0.295486	  3.216690	  7.439041	  5.870163
1939	  1.648117	 -0.646957	  0.304565	  3.226212	  7.203384	  5.548813
1945	  1.641174	 -0.678467	  0.317917	  3.316666	  7.093887	  5.267929
1952	  1.627289	 -0.708374	  0.331802	  3.288101	  7.072464	  5.117966
1954	  1.604858	 -0.734009	  0.341415	  3.307144	  6.996292	  4.834702
1960	  1.577087	 -0.755905	  0.346756	  3.302383	  6.910599	  4.556198
1965	  1.547180	 -0.771393	  0.348892	  3.166702	  6.779678	  4.199142
1971	  1.517273	 -0.778870	  0.346222	  3.147659	  6.605911	  3.980148
1976	  1.483093	 -0.785278	  0.341415	  3.095291	  6.391678	  3.684982
1980	  1.452652	 -0.787415	  0.335007	  3.031021	  6.301224	  3.416000
1984	  1.423813	 -0.777267	  0.327530	  3.016739	  6.144119	  3.254135
1989	  1.390701	 -0.778336	  0.321121	  2.907242	  5.951309	  3.063705
1995	  1.352783	 -0.763916	  0.319519	  2.935806	  5.837051	  2.951828
2000	  1.317535	 -0.743088	  0.314178	  2.945328	  5.732315	  2.789963
2005	  1.274811	 -0.716919	  0.320053	  2.890579	  5.570450	  2.566208
2010	  1.233688	 -0.693954	  0.321121	  2.921524	  5.425247	  2.204391
2027	  1.198441	 -0.673660	  0.323792	  2.935806	  5.222916	  1.911606
2029	  1.168533	 -0.656036	  0.330734	  3.035782	  4.972977	  1.604538
2031	  1.143967	 -0.651764	  0.340881	  3.100052	  4.875381	  1.176071
2031	  1.118332	 -0.645889	  0.348892	  3.126236	  4.739700	  1.092758
2036	  1.089493	 -0.645889	  0.359573	  3.200027	  4.644485	  0.757126
2040	  1.061188	 -0.646423	  0.368652	  3.200027	  4.582596	  0.547653
2046	  1.028610	 -0.645355	  0.380402	  3.273819	  4.487381	  0.547653
2050	  0.989090	 -0.644821	  0.390549	  3.338089	  4.392166	  0.273911
2056	  0.946899	 -0.641617	  0.401230	  3.288101	  4.232681	 -0.047440
2061	  0.907913	 -0.635208	  0.409241	  3.390457	  4.108902	 -0.275955
2066	  0.864120	 -0.632538	  0.417252	  3.338089	  3.977982	 -0.459244
2070	  0.822464	 -0.623459	  0.424194	  3.371414	  3.811356	 -0.661575
2076	  0.774399	 -0.617050	  0.429001	  3.321426	  3.611404	 -0.778214
2082	  0.722595	 -0.603699	  0.434341	  3.414261	  3.499527	 -0.882950
2086	  0.660645	 -0.585007	  0.433807	  3.316666	  3.351944	 -0.968643
2090	  0.591217	 -0.567917	  0.437546	  3.130997	  3.290054	 -1.021011
2096	  0.515915	 -0.543350	  0.422592	  3.261917	  3.082962	 -1.025772
2102	  0.429398	 -0.514511	  0.411377	  3.273819	  2.987747	 -1.170975
2106	  0.337540	 -0.490479	  0.398560	  2.862015	  2.949661	 -1.201920
2117	  0.242477	 -0.472321	  0.372925	  2.895340	  2.792557	 -1.225723
2118	  0.138336	 -0.458435	  0.344620	  2.938187	  2.687820	 -1.266190
2122	  0.033661	 -0.430130	  0.319519	  2.866776	  2.490250	 -1.430435
2127	 -0.073151	 -0.402359	  0.299225	  2.831070	  2.311722	 -1.656570
2131	 -0.172485	 -0.382599	  0.276260	  2.869156	  2.178421	 -1.818436
2135	 -0.265945	 -0.368179	  0.263977	  2.878677	  1.968948	 -2.016006
2141	 -0.361008	 -0.355896	  0.259171	  2.916763	  1.697586	 -2.115982
2147	 -0.550598	 -0.338806	  0.281601	  2.914383	  1.528580	 -2.070755
2151	 -0.645660	 -0.325455	  0.304031	  2.888199	  1.354813	 -2.149307
2157	 -0.742859	 -0.307297	  0.330200	  2.831070	  1.219131	 -2.227859
2161	 -0.837387	 -0.289673	  0.364380	  2.776321	  1.085831	 -2.294510
2167	 -0.929245	 -0.268311	  0.393753	  2.702530	  0.933487	 -2.432571
2171	 -1.026443	 -0.244278	  0.432739	  2.645401	  0.783524	 -2.294510
2177	 -1.125778	 -0.216507	  0.464783	  2.550186	  0.631180	 -2.268326
2182	 -1.224579	 -0.182327	  0.497360	  2.464493	  0.476456	 -2.204056
2187	 -1.327652	 -0.155090	  0.530472	  2.357376	  0.295547	 -2.192154
2192	 -1.426987	 -0.126785	  0.556641	  2.221695	  0.026566	 -2.215958
2198	 -1.523651	 -0.100082	  0.577469	  2.031265	 -0.206711	 -2.346878
2201	 -1.622452	 -0.079254	  0.584412	  1.824173	 -0.340012	 -2.261185
2206	 -1.724457	 -0.061096	  0.583344	  1.628983	 -0.585190	 -2.187393
2212	 -1.828598	 -0.030121	  0.566788	  1.364761	 -0.747055	 -2.149307
2217	 -1.945023	  0.000854	  0.537949	  1.102921	 -0.899399	 -1.880325
2221	 -2.067856	  0.044647	  0.499496	  0.836319	 -1.106491	 -1.651810
2227	 -2.208847	  0.094315	  0.457840	  0.672073	 -1.163620	 -1.278091
2232	 -2.359451	  0.151993	  0.418854	  0.543533	 -1.146957	 -0.823441
2236	 -2.522339	  0.217148	  0.390549	  0.514969	 -1.199326	 -0.149796
2241	 -2.690033	  0.295120	  0.371323	  0.553055	 -1.330246	  0.050156
2246	 -2.858795	  0.370422	  0.368652	  0.595901	 -1.484970	  0.162033
2251	 -3.018478	  0.445724	  0.378799	  0.605423	 -1.673019	  0.250107
2256	 -3.168549	  0.517288	  0.396957	  0.531631	 -1.868210	  0.409592
2261	 -3.317017	  0.584579	  0.425797	  0.557816	 -2.034836	  0.640488
2266	 -3.458542	  0.648132	  0.455170	  0.460220	 -2.087204	  0.861862
2272	 -3.599533	  0.718628	  0.480270	  0.295975	 -2.058640	  1.371262
2277	 -3.742126	  0.795532	  0.506973	  0.305496	 -1.991989	  1.854477
2283	 -3.888458	  0.876175	  0.530472	  0.272171	 -1.880112	  2.432907
2287	 -4.039062	  0.963226	  0.551300	  0.231705	 -1.637314	  3.220810
2292	 -4.193939	  1.060425	  0.573196	  0.241226	 -1.430222	  3.796860
2298	 -4.354156	  1.166168	  0.593491	  0.143631	 -1.280258	  4.213425
2303	 -4.501022	  1.273514	  0.608444	  0.174576	 -1.149338	  4.501450
2307	 -4.631866	  1.373383	  0.620728	  0.188858	 -1.046982	  4.889450
2313	 -4.739212	  1.478058	  0.633011	  0.019852	 -0.956528	  5.282211
2317	 -4.824127	  1.586472	  0.632477	 -0.084885	 -0.716110	  5.782089
2323	 -4.895157	  1.672455	  0.629807	 -0.168198	 -0.159103	  6.527145
2328	 -4.950165	  1.759506	  0.615387	 -0.111069	  0.428848	  7.757797
2333	 -4.997162	  1.855637	  0.603104	 -0.068222	  0.921585	  8.771835
2338	 -5.022797	  1.965652	  0.587616	  0.098404	  1.333389	  9.752548
2343	 -5.034546	  2.051636	  0.580139	  0.181717	  1.723770	 11.430710
2348	 -5.036682	  2.110382	  0.581741	  0.305496	  2.052261	 13.146957
2353	 -5.027603	  2.169662	  0.592422	  0.381668	  2.578323	 14.591843
2358	 -5.000900	  2.217728	  0.620193	  0.529251	  3.142471	 16.065292
2363	 -4.948029	  2.236420	  0.667191	  0.848221	  3.625687	 17.562546
2368	 -4.864182	  2.246567	  0.739822	  0.998184	  4.075577	 19.069321
2374	 -4.748291	  2.242294	  0.823669	  1.124344	  4.363602	 20.297592
2379	 -4.604095	  2.212387	  0.911789	  1.117203	  4.692093	 21.533005
2383	 -4.432129	  2.160583	  0.996170	  1.167191	  5.053909	 22.980270
2387	 -4.252151	  2.090622	  1.071472	  1.236221	  5.487137	 24.089523
2392	 -4.062027	  2.012115	  1.130219	  1.448074	  5.791824	 25.446335
2397	 -3.871902	  1.928802	  1.182556	  1.664688	  6.210770	 26.403244
2402	 -3.692993	  1.834274	  1.223145	  1.805130	  6.862991	 27.129257
2407	 -3.521027	  1.715714	  1.250381	  2.062210	  7.410477	 27.945724
2412	 -3.349594	  1.583801	  1.280289	  2.397842	  7.596146	 28.526535
2417	 -3.173889	  1.448685	  1.325684	  2.726334	  7.758011	 28.731247
2423	 -2.973083	  1.303955	  1.389771	  2.952469	  7.896072	 28.688400
2428	 -2.746643	  1.172577	  1.474152	  3.150040	  7.986526	 28.771713
2433	 -2.497772	  1.055618	  1.568680	  3.166702	  8.222183	 28.819321
2438	 -2.223267	  0.976578	  1.667480	  3.130997	  8.426895	 28.928818
2443	 -1.936478	  0.941864	  1.753998	  3.128616	  8.712540	 28.805038
2448	 -1.635803	  0.954147	  1.828766	  3.007217	  8.967239	 28.393234
2453	 -1.320709	  0.995804	  1.878967	  2.890579	  9.157669	 27.741013
2459	 -0.990128	  1.053482	  1.908340	  2.981033	  9.179092	 27.214951
2464	 -0.652603	  1.128784	  1.919022	  3.178604	  9.029129	 26.548447
2468	 -0.323624	  1.208359	  1.923828	  3.666580	  8.669693	 25.812912
2473	 -0.003723	  1.289001	  1.937714	  4.156937	  8.241226	 25.084518
2479	  0.294815	  1.368042	  1.955338	  4.592545	  7.748489	 24.320419
2484	  0.565582	  1.436401	  1.978302	  4.978165	  7.089127	 23.708664
2489	  0.802170	  1.491943	  2.002869	  5.368546	  6.505936	 22.870773
2494	  1.003510	  1.520782	  2.026901	  5.720840	  6.020340	 22.063828
2499	  1.164795	  1.516510	  2.046127	  6.035049	  5.453812	 21.335434
2504	  1.294037	  1.492477	  2.060547	  6.473038	  4.870621	 20.616562
2509	  1.386429	  1.438004	  2.071228	  6.801529	  4.232681	 19.635849
2515	  1.456924	  1.352020	  2.085114	  6.946732	  3.823257	 18.455185
2520	  1.524216	  1.237198	  2.081909	  7.077652	  3.480484	 17.448288
2523	  1.581360	  1.109024	  2.069626	  7.249039	  3.130569	 16.717514
2529	  1.626755	  0.992065	  2.044525	  7.356155	  2.868729	 16.008163
2535	  1.660400	  0.891663	  2.009811	  7.363297	  2.659256	 15.267868
2540	  1.689774	  0.803543	  1.953735	  7.370438	  2.466446	 14.370468
2544	  1.718613	  0.727173	  1.881638	  7.325211	  2.211746	 13.373093
2550	  1.755997	  0.668427	  1.792450	  7.289505	  1.904678	 12.687546
2555	  1.792847	  0.634781	  1.692581	  7.153824	  1.730911	 11.980576
2559	  1.837173	  0.626770	  1.577225	  7.049088	  1.492874	 11.247421
2564	  1.880966	  0.648666	  1.451721	  6.915787	  1.376236	 10.566635
2570	  1.930099	  0.687653	  1.318741	  6.872940	  1.216751	 10.023911
2574	  1.982437	  0.756012	  1.190033	  6.815811	  1.109634	  9.497849
2583	  2.042252	  0.842529	  1.056519	  6.718216	  1.021561	  8.745651
2584	  2.103668	  0.924774	  0.912857	  6.630142	  0.823990	  8.186264
2590	  2.175766	  1.001678	  0.763855	  6.623001	  0.666885	  7.479294
2595	  2.256409	  1.058289	  0.611649	  6.649185	  0.393143	  6.986557
2600	  2.335449	  1.095139	  0.459442	  6.768204	  0.183670	  6.615219
2626	  2.403809	  1.114899	  0.313110	  6.849136	 -0.016281	  6.070114
2627	  2.461487	  1.101013	  0.168915	  6.937210	 -0.154343	  5.720200
2628	  2.506882	  1.054550	  0.028992	  7.170486	 -0.316208	  5.413132
2628	  2.529312	  0.982452	 -0.095978	  7.356155	 -0.580429	  5.215561
2629	  2.530914	  0.880981	 -0.208664	  7.515640	 -0.692307	  4.868027
2630	  2.511688	  0.750671	 -0.306396	  7.553726	 -0.747055	  4.625229
2640	  2.478043	  0.596863	 -0.399857	  7.622757	 -0.823227	  4.575241
2641	  2.426773	  0.442520	 -0.482101	  7.679886	 -0.866074	  4.482407
2645	  2.359482	  0.291916	 -0.555801	  7.644180	 -0.937485	  4.472885
2650	  2.271896	  0.149323	 -0.628967	  7.491837	 -1.032700	  4.487167
2654	  2.173630	  0.027557	 -0.706940	  7.370438	 -1.151718	  4.553818
2659	  2.067886	 -0.080856	 -0.789719	  7.213333	 -1.237411	  4.568100
2664	  1.949326	 -0.160965	 -0.876770	  6.989578	 -1.246933	  4.653793
2669	  1.827560	 -0.220245	 -0.978241	  6.715836	 -1.294540	  4.682358
2674	  1.704727	 -0.257629	 -1.086655	  6.487320	 -1.335007	  4.534775
2681	  1.590439	 -0.272049	 -1.200409	  6.401627	 -1.361191	  4.420517
2686	  1.486298	 -0.271515	 -1.320572	  6.356400	 -1.570663	  4.477646
2691	  1.381622	 -0.242142	 -1.438065	  6.311172	 -1.787277	  4.613327
2695	  1.282288	 -0.194611	 -1.549683	  6.096939	 -1.956284	  4.303879
2701	  1.193100	 -0.142273	 -1.663971	  6.046951	 -2.165756	  4.206284
2705	  1.109787	 -0.093140	 -1.775589	  5.973160	 -2.487106	  4.253891
2710	  1.024338	 -0.041336	 -1.875992	  5.930313	 -2.703720	  4.327682
2719	  0.929276	  0.002991	 -1.971588	  5.861282	 -2.770370	  4.372910
2721	  0.831543	  0.036636	 -2.056503	  5.804153	 -2.808456	  4.527634
2725	  0.723129	  0.062271	 -2.139816	  5.727982	 -2.839401	  4.870407
2730	  0.598160	  0.088974	 -2.217255	  5.713699	 -2.910812	  5.165573
2734	  0.458237	  0.107666	 -2.290421	  5.575638	 -3.001266	  5.320297
2741	  0.311371	  0.119949	 -2.360916	  5.504227	 -3.129807	  5.527390
2747	  0.161301	  0.118881	 -2.430344	  5.456619	 -3.289291	  5.679733
2751	  0.011765	  0.107666	 -2.497101	  5.478043	 -3.355942	  5.791611
2757	 -0.280899	  0.036102	 -2.614059	  5.413773	 -3.391647	  5.917770
2762	 -0.419220	 -0.010895	 -2.669067	  5.306656	 -3.465439	  6.022507
2767	 -0.552200	 -0.068039	 -2.727280	  5.242386	 -3.489243	  6.286728
2771	 -0.676636	 -0.120377	 -2.776947	  5.273331	 -3.494003	  6.605698
2776	 -0.787720	 -0.171112	 -2.829285	  5.204300	 -3.515427	  6.784225
2782	 -0.890793	 -0.218109	 -2.878952	  5.130508	 -3.510666	  7.055588
2786	 -0.975708	 -0.273651	 -2.928619	  5.094803	 -3.632065	  7.157944
2790	 -1.049942	 -0.323318	 -2.981491	  5.016251	 -3.579697	  7.393600
2796	 -1.110291	 -0.372452	 -3.039703	  4.911514	 -3.529709	  7.660202
2801	 -1.157822	 -0.419449	 -3.110199	  4.718704	 -3.465439	  7.931564
2805	 -1.186661	 -0.461105	 -3.187103	  4.537796	 -3.455917	  8.283859
2810	 -1.195740	 -0.502762	 -3.273087	  4.399734	 -3.505905	  8.536179
2815	 -1.180252	 -0.550827	 -3.367081	  4.230728	 -3.477341	  8.755173
2820	 -1.141800	 -0.609573	 -3.464279	  4.068863	 -3.460678	  9.021774
2825	 -1.078781	 -0.685944	 -3.567886	  3.866531	 -3.305954	  9.074142
2831	 -1.005081	 -0.774597	 -3.676834	  3.728470	 -3.103622	  9.416916
2835	 -0.935120	 -0.868591	 -3.783112	  3.626114	 -2.939377	  9.995346
2840	 -0.873169	 -0.963120	 -3.892059	  3.409500	 -2.618027	 10.623764
2845	 -0.818695	 -1.065659	 -3.999405	  3.233353	 -2.258591	 11.126022
2851	 -0.778107	 -1.171402	 -4.089661	  3.204788	 -1.777756	 11.685410
2856	 -0.752472	 -1.273941	 -4.169235	  3.142899	 -1.204086	 12.606613
2861	 -0.725235	 -1.374344	 -4.239731	  2.809647	 -0.478073	 13.720627
2866	 -0.686249	 -1.467804	 -4.301682	  2.409744	 -0.268600	 14.172897
2871	 -0.647797	 -1.571411	 -4.352951	  1.966995	  0.214615	 14.789413
2876	 -0.609344	 -1.691040	 -4.410629	  1.483780	  0.781143	 15.529709
2881	 -0.576767	 -1.818146	 -4.472046	  0.945816	  1.259598	 16.170029
2887	 -0.543655	 -1.952194	 -4.543076	  0.417374	  1.550003	 16.560410
2892	 -0.498795	 -2.091583	 -4.615173	 -0.149155	  1.678543	 16.853195
2897	 -0.443787	 -2.245392	 -4.681931	 -0.725204	  1.771378	 17.307846
2903	 -0.375427	 -2.412018	 -4.743347	 -1.294113	  1.838028	 17.691086
2906	 -0.301193	 -2.572769	 -4.797287	 -1.917770	  2.007034	 18.250473
2912	 -0.221619	 -2.736725	 -4.838943	 -2.508102	  2.123672	 18.738449
2918	 -0.143112	 -2.886261	 -4.862976	 -3.024643	  2.349808	 19.216904
2921	 -0.056061	 -3.017105	 -4.862442	 -3.441208	  2.404556	 19.709641
2928	  0.034729	 -3.116440	 -4.833069	 -3.867294	  2.395035	 20.388046
2933	  0.127655	 -3.168243	 -4.766846	 -4.291000	  2.418839	 20.626083
2936	  0.239807	 -3.178391	 -4.668045	 -4.619492	  2.497391	 20.709396
2942	  0.373322	 -3.151688	 -4.546280	 -5.059860	  2.475967	 20.697495
2948	  0.530334	 -3.095612	 -4.404755	 -5.566879	  2.599747	 20.652267
2953	  0.706573	 -3.011765	 -4.256821	 -6.059616	  2.828262	 20.428513
2958	  0.897232	 -2.901749	 -4.111023	 -6.233383	  2.811600	 20.533249
2963	  1.088959	 -2.760757	 -3.970032	 -6.638046	  3.073441	 20.369003
2967	  1.274277	 -2.602676	 -3.843994	 -6.909409	  3.332901	 19.959579
2973	  1.457458	 -2.446732	 -3.734512	 -7.056992	  3.606644	 19.414474
2978	  1.630493	 -2.305740	 -3.631439	 -6.990341	  3.766129	 18.838425
2983	  1.796585	 -2.187714	 -3.536911	 -6.826096	  3.835159	 18.081467
2987	  1.946121	 -2.102264	 -3.435974	 -6.749924	  3.918472	 17.293564
2992	  2.087646	 -2.042984	 -3.338776	 -6.661850	  4.058914	 16.448532
2998	  2.221161	 -2.015213	 -3.239975	 -6.654709	  4.082718	 15.796310
3003	  2.338654	 -2.012543	 -3.144379	 -6.561874	  4.092239	 14.991745
3008	  2.435852	 -2.027496	 -3.049850	 -6.516647	  4.049393	 14.420456
3013	  2.514359	 -2.059006	 -2.953186	 -6.414291	  3.958939	 13.701584
3020	  2.578979	 -2.108673	 -2.857056	 -6.347641	  3.977982	 13.099350
3025	  2.628647	 -2.168488	 -2.760925	 -6.302414	  3.911331	 12.568527
3043	  2.663361	 -2.220825	 -2.658386	 -6.150070	  3.887527	 12.135300
3043	  2.685257	 -2.265686	 -2.551575	 -6.097702	  3.785172	 11.771103
3044	  2.692200	 -2.297195	 -2.430878	 -5.931076	  3.766129	 11.221237
3045	  2.692734	 -2.309479	 -2.306442	 -5.962021	  3.680435	 10.845139
3050	  2.687927	 -2.304672	 -2.181473	 -5.823959	  3.604263	 10.442856
3053	  2.672974	 -2.281708	 -2.045288	 -5.778732	  3.451920	 10.033432
3058	  2.650009	 -2.249130	 -1.918716	 -5.723984	  3.375748	  9.647812
3063	  2.615829	 -2.206940	 -1.788940	 -5.678757	  3.221024	  9.257431
3068	  2.572037	 -2.164749	 -1.665039	 -5.566879	  3.102005	  8.838486
3073	  2.517563	 -2.121490	 -1.543274	 -5.476425	  3.006790	  8.398117
3077	  2.456146	 -2.080902	 -1.428986	 -5.393112	  2.975845	  8.081528
3082	  2.384583	 -2.037643	 -1.321640	 -5.419296	  2.954422	  7.831589
3088	  2.304474	 -1.989578	 -1.222305	 -5.416916	  2.963943	  7.417404
3094	  2.220627	 -1.944717	 -1.132050	 -5.350266	  2.875870	  7.007980
3097	  2.137848	 -1.904663	 -1.045532	 -5.302658	  2.811600	  6.634262
3104	  2.056137	 -1.870483	 -0.966492	 -5.307419	  2.780655	  6.281967
3109	  1.976562	 -1.833099	 -0.894928	 -5.283615	  2.797318	  6.034409
3114	  1.896988	 -1.799988	 -0.826569	 -5.162216	  2.835403	  5.753525
3118	  1.813141	 -1.764740	 -0.763016	 -5.086044	  2.899673	  5.560715
3123	  1.731430	 -1.728424	 -0.698395	 -5.109848	  3.011551	  5.325058
3128	  1.644913	 -1.689972	 -0.634308	 -5.009872	  3.071060	  5.134628
3133	  1.564270	 -1.651520	 -0.570755	 -4.890854	  3.066299	  4.987045
3138	  1.490570	 -1.605591	 -0.503998	 -4.807541	  3.037735	  4.563339
3142	  1.422211	 -1.562332	 -0.434570	 -4.800400	  3.125809	  4.420517
3149	  1.355453	 -1.515869	 -0.367279	 -4.771835	  3.178177	  4.261032
3153	  1.286026	 -1.462997	 -0.297318	 -4.724228	  3.261490	  4.132492
3159	  1.222473	 -1.408524	 -0.228424	 -4.743271	  3.249588	  4.042038
3164	  1.160522	 -1.345505	 -0.156860	 -4.688522	  3.313858	  3.918259
3168	  1.095901	 -1.278214	 -0.085297	 -4.624252	  3.351944	  3.882553
3174	  1.030746	 -1.206650	 -0.017471	 -4.702805	  3.437637	  3.806381
3179	  0.965057	 -1.130280	  0.051956	 -4.662338	  3.447159	  3.639755
3184	  0.899902	 -1.052307	  0.118179	 -4.605209	  3.413834	  3.556442
3188	  0.829407	 -0.969528	  0.186005	 -4.633774	  3.437637	  3.537399
3194	  0.759445	 -0.884613	  0.250626	 -4.679001	  3.494766	  3.539780
3199	  0.686813	 -0.792221	  0.310440	 -4.671860	  3.613785	  3.527878
3204	  0.610443	 -0.697159	  0.371857	 -4.619492	  3.706619	  3.554062
3209	  0.535141	 -0.596222	  0.430069	 -4.593307	  3.785172	  3.634995
3214	  0.455566	 -0.489944	  0.489883	 -4.543320	  3.813736	  3.677841
3219	  0.377594	 -0.376724	  0.546494	 -4.538559	  3.866104	  3.587387
3224	  0.301224	 -0.265640	  0.604706	 -4.538559	  3.870865	  3.613571
3228	  0.230728	 -0.151886	  0.666656	 -4.488571	  3.908951	  3.580246
3234	  0.164505	 -0.042404	  0.727539	 -4.469528	  3.906570	  3.620712
3238	  0.097214	  0.065475	  0.795364	 -4.371933	  3.985123	  3.692123
3243	  0.032059	  0.177094	  0.862122	 -4.398117	  4.130325	  3.873032
3248	 -0.034164	  0.293518	  0.933685	 -4.355270	  4.189835	  3.949203
3253	 -0.104660	  0.403000	  1.004715	 -4.331467	  4.206497	  4.006332
3259	 -0.171417	  0.515152	  1.076279	 -4.283859	  4.216019	  4.120590
3263	 -0.237106	  0.620361	  1.148911	 -4.255295	  4.261246	  4.237228
3268	 -0.304932	  0.713287	  1.221008	 -4.191025	  4.437393	  4.280075
3274	 -0.373291	  0.795532	  1.295776	 -4.069626	  4.644485	  4.589523
3279	 -0.443253	  0.859619	  1.374817	 -4.014877	  4.856339	  4.758530
3284	 -0.510010	  0.918900	  1.456528	 -3.974411	  5.037247	  4.837082
3290	 -0.567154	  0.976578	  1.539307	 -4.131516	  5.161026	  4.846603
3295	 -0.607208	  1.036926	  1.617279	 -4.212448	  5.251480	  5.122726
3300	 -0.631775	  1.095673	  1.694183	 -4.136276	  5.168167	  5.353622
3304	 -0.639786	  1.168304	  1.772156	 -4.176743	  5.039627	  5.434555
3310	 -0.629105	  1.252686	  1.857605	 -4.267197	  5.111038	  5.463120
3316	 -0.605072	  1.342407	  1.937714	 -4.248154	  5.253860	  5.917770
3320	 -0.574631	  1.447083	  2.020493	 -4.264816	  5.439529	  6.486679
3325	 -0.550064	  1.571518	  2.097397	 -4.376694	  5.594254	  7.046066
3329	 -0.535110	  1.714111	  2.166824	 -4.426682	  5.744217	  7.574509
3337	 -0.529236	  1.872192	  2.225571	 -4.400497	  5.779922	  8.036301
3340	 -0.527634	  2.028671	  2.279510	 -4.286240	  5.765640	  8.524277
3344	 -0.534576	  2.186752	  2.333450	 -4.086288	  5.791824	  8.974167
3350	 -0.547394	  2.344833	  2.391663	 -3.938705	  5.841812	  9.255051
3355	 -0.563416	  2.489563	  2.448807	 -3.788742	  5.870377	  9.754929
3360	 -0.583710	  2.609726	  2.511826	 -3.465012	  6.013199	 10.321457
3366	 -0.612015	  2.708527	  2.587128	 -3.117477	  6.039383	 10.778488
3371	 -0.638718	  2.779022	  2.676849	 -2.879440	  6.022720	 11.049850
3375	 -0.655273	  2.823349	  2.779388	 -2.581894	  5.932266	 11.494980
3380	 -0.651001	  2.847916	  2.896347	 -2.086777	  5.903702	 11.663986
3386	 -0.575699	  2.798782	  3.158035	 -1.815414	  5.870377	 11.899643
3390	 -0.504135	  2.733093	  3.293686	 -1.698776	  5.837051	 12.213852
3394	 -0.413345	  2.647644	  3.426132	 -1.329819	  5.689468	 12.542343
3399	 -0.311340	  2.557388	  3.549500	 -1.058456	  5.541885	 13.027939
3404	 -0.203995	  2.468735	  3.662720	 -0.770432	  5.496658	 13.515915
3411	 -0.089172	  2.374741	  3.771667	 -0.311020	  5.430008	 13.932480
3416	  0.022446	  2.283417	  3.869934	  0.124588	  5.384781	 14.384750
3421	  0.130325	  2.204910	  3.952179	  0.584000	  5.249100	 14.965561
3432	  0.232330	  2.132278	  4.027481	  1.169571	  5.151505	 15.460678
3433	  0.327927	  2.073532	  4.089432	  1.807510	  4.920609	 15.870102
3438	  0.416046	  2.026535	  4.135895	  2.331192	  4.834915	 16.284286
3440	  0.505768	  1.988083	  4.151917	  2.840591	  4.851578	 16.488998
3445	  0.601898	  1.964584	  4.154053	  3.466629	  4.892044	 16.679428
3450	  0.704437	  1.956573	  4.125214	  4.042679	  4.892044	 16.917465
3456	  0.815521	  1.957108	  4.076080	  4.518753	  4.903946	 17.048386
3461	  0.934616	  1.955505	  4.007187	  5.092422	  4.901566	 17.072189
3466	  1.061188	  1.949631	  3.922272	  5.632767	  4.922989	 16.979355
3470	  1.196838	  1.923462	  3.817596	  6.149307	  4.951553	 16.800827
3475	  1.341034	  1.881271	  3.701172	  6.603958	  4.925369	 16.624680
3481	  1.486298	  1.815582	  3.583145	  7.696548	  4.889664	 16.070053
3485	  1.637970	  1.728531	  3.460846	  8.127396	  4.844437	 15.770126
3491	  1.788574	  1.625992	  3.335342	  8.665359	  4.703995	 15.555893
3495	  1.932770	  1.513840	  3.217850	  9.084305	  4.570694	 15.267868
3501	  2.069489	  1.397415	  3.100357	  9.396133	  4.408829	 14.958420
3507	  2.199799	  1.286865	  2.982864	  9.610367	  4.282669	 14.613266
3512	  2.317825	  1.181122	  2.857895	  9.793655	  4.118423	 14.301437
3515	  2.426239	  1.079117	  2.727051	 10.017410	  3.885147	 13.951523
3521	  2.525040	  0.984589	  2.590866	 10.181656	  3.709000	 13.515915
3527	  2.612091	  0.893799	  2.453079	 10.210220	  3.666153	 13.027939
3531	  2.687927	  0.804077	  2.311020	 10.291153	  3.589981	 12.616135
3537	  2.758423	  0.712753	  2.160416	 10.245926	  3.563797	 12.263840
3543	  2.814499	  0.633179	  2.005539	 10.236404	  3.487625	 11.723495
3545	  2.860962	  0.564285	  1.849060	 10.084061	  3.382889	 11.273605
3552	  2.909027	  0.495392	  1.690979	  9.945999	  3.261490	 10.711838
3557	  2.951218	  0.438248	  1.529694	  9.776993	  3.123428	 10.088181
3561	  2.994476	  0.382172	  1.371613	  9.624649	  3.004410	  9.654953
3566	  3.028656	  0.342117	  1.217804	  9.388992	  2.833023	  9.162216
3572	  3.059631	  0.303665	  1.065598	  9.162857	  2.742569	  8.621872
3576	  3.085800	  0.265747	  0.921936	  8.903397	  2.664017	  8.095810
3582	  3.105560	  0.237442	  0.786819	  8.720108	  2.590225	  7.622116
3587	  3.116241	  0.212341	  0.665054	  8.403519	  2.504532	  7.115097
3591	  3.123718	  0.194183	  0.552368	  8.189285	  2.395035	  6.648544
3597	  3.122116	  0.178696	  0.446625	  7.953629	  2.395035	  6.112961
3601	  3.114105	  0.163208	  0.351028	  7.708450	  2.268875	  5.594040
3620	  3.100220	  0.148254	  0.265045	  7.606094	  2.080826	  5.127487
3621	  3.079926	  0.131165	  0.190811	  7.479935	  1.957047	  4.551437
3622	  3.056427	  0.109802	  0.129929	  7.232376	  1.749954	  4.015854
3623	  3.030258	  0.081497	  0.081863	  7.022903	  1.609512	  3.427902
3629	  2.997147	  0.039307	  0.045013	  6.853897	  1.480972	  2.870895
3632	  2.966171	 -0.009293	  0.022583	  6.680130	  1.500015	  2.423386
3636	  2.922379	 -0.061630	  0.006561	  6.518265	  1.507156	  2.033005
3641	  2.871643	 -0.115036	  0.000687	  6.251663	  1.440506	  1.706894
3646	  2.809692	 -0.166306	  0.000153	  6.113602	  1.373856	  1.406967
3651	  2.744537	 -0.209030	  0.001755	  5.873184	  1.245316	  1.128464
3656	  2.667633	 -0.244278	  0.009232	  5.642288	  1.171524	  0.930893
3662	  2.580048	 -0.271515	  0.011902	  5.394730	  1.112015	  0.771408
3667	  2.481247	 -0.283264	  0.015106	  5.173355	  1.083450	  0.545273
3671	  2.373367	 -0.287003	  0.020447	  5.006729	  1.033463	  0.378647
3677	  2.258545	 -0.281128	  0.022583	  4.828201	  0.945389	  0.323898
3681	  2.133041	 -0.262970	  0.028992	  4.685379	  0.945389	  0.181076
3687	  1.999527	 -0.241608	  0.040207	  4.583023	  0.895401	 -0.011734
3693	  1.861206	 -0.216507	  0.049286	  4.414017	  0.885880	 -0.175980
3698	  1.721817	 -0.188736	  0.056229	  4.314041	  0.850174	 -0.428299
3702	  1.580292	 -0.160965	  0.059967	  4.152176	  0.795425	 -0.671097
3708	  1.443039	 -0.129456	  0.061569	  4.123611	  0.733536	 -0.956741
3713	  1.311661	 -0.097412	  0.062103	  4.121231	  0.569290	 -1.194778
3718	  1.187225	 -0.064835	  0.061569	  3.976028	  0.469315	 -1.506607
3722	  1.064392	 -0.034393	  0.063705	  3.828445	  0.312210	 -1.754166
3728	  0.944229	 -0.010895	  0.058365	  3.709427	  0.231277	 -1.880325
3733	  0.825134	  0.012070	  0.056763	  3.633255	  0.188431	 -2.025528
3739	  0.702835	  0.035568	  0.058899	  3.595169	  0.167007	 -2.106461
3743	  0.575729	  0.051056	  0.059433	  3.492813	  0.095596	 -2.213577
3748	  0.448090	  0.070816	  0.063705	  3.447586	  0.081314	 -2.377823
3753	  0.321518	  0.084702	  0.066376	  3.319046	  0.067032	 -2.546829
3757	  0.192276	  0.087906	  0.072784	  3.254776	 -0.023422	 -2.594437
3763	  0.059296	  0.088440	  0.077591	  3.133377	 -0.094833	 -2.670609
3768	 -0.072617	  0.089508	  0.090942	  3.071487	 -0.168625	 -2.775345
