284	  0.121750	  0.115982	 -0.100128	  2.669205	  9.207657	  1.595016
290	  0.108932	  0.116516	 -0.111343	  2.731094	  9.193375	  1.525986
295	  0.092377	  0.110107	 -0.119354	  2.754898	  9.157669	  1.475998
300	  0.085968	  0.097290	 -0.122559	  2.781082	  9.112442	  1.459335
305	  0.075287	  0.081802	 -0.124161	  2.745377	  9.045792	  1.423630
310	  0.068878	  0.054565	 -0.119354	  2.697769	  8.960098	  1.397446
315	  0.063004	  0.033737	 -0.116684	  2.685867	  8.907730	  1.480759
320	  0.051254	  0.017715	 -0.111877	  2.604935	  8.893448	  1.592636
325	  0.040039	  0.007568	 -0.104935	  2.626358	  8.898209	  1.478378
330	  0.022949	 -0.002579	 -0.100128	  2.538284	  8.883926	  1.437912
335	  0.016006	 -0.011124	 -0.098526	  2.535904	  8.879166	  1.380783
340	  0.010666	 -0.014862	 -0.093185	  2.445450	  8.945816	  1.340317
345	  0.006927	 -0.018066	 -0.093719	  2.416885	  8.922012	  1.352219
350	  0.007462	 -0.014862	 -0.089981	  2.393082	  8.943436	  1.342697
355	  0.009598	 -0.012726	 -0.093185	  2.340714	  8.905350	  1.297470
360	  0.015472	 -0.007919	 -0.091583	  2.347855	  8.845840	  1.328415
365	  0.020813	 -0.002579	 -0.092651	  2.321671	  8.812515	  1.356979
370	  0.021881	  0.007568	 -0.094788	  2.250259	  8.831558	  1.437912
375	  0.016006	  0.019318	 -0.095322	  2.266922	  8.760147	  1.475998
381	  0.012268	  0.027863	 -0.097458	  2.205032	  8.738724	  1.514084
385	  0.004791	  0.032135	 -0.099060	  2.235977	  8.738724	  1.495041
390	 -0.002151	  0.033737	 -0.095856	  2.185989	  8.762527	  1.356979
395	 -0.005890	  0.034805	 -0.093185	  2.159805	  8.753006	  1.442673
400	 -0.007492	  0.032669	 -0.089981	  2.166946	  8.750626	  1.421249
405	 -0.012299	  0.030533	 -0.085175	  2.157425	  8.729202	  1.492661
411	 -0.012299	  0.033203	 -0.076630	  2.133621	  8.726822	  1.602158
416	 -0.005890	  0.033203	 -0.064346	  2.083633	  8.688736	  1.421249
421	 -0.003220	  0.027328	 -0.057404	  2.055069	  8.731583	  1.399826
426	  0.002655	  0.017181	 -0.049393	  2.066971	  8.753006	  1.449814
431	  0.007462	  0.005966	 -0.044052	  2.033646	  8.733963	  1.445053
436	  0.009064	 -0.005783	 -0.040848	  1.990799	  8.769669	  1.495041
441	  0.011200	 -0.018066	 -0.031769	  2.066971	  8.748245	  1.559311
446	  0.011734	 -0.028748	 -0.025360	  2.005081	  8.786331	  1.552170
451	  0.013336	 -0.028214	 -0.015747	  1.997940	  8.781570	  1.666428
456	  0.011734	 -0.026077	 -0.003998	  2.090775	  8.757767	  1.549789
461	  0.014404	 -0.025543	  0.010956	  2.093155	  8.712540	  1.564072
466	  0.016006	 -0.025543	  0.022171	  2.109818	  8.769669	  1.556931
471	  0.022949	 -0.023407	  0.033386	  2.064590	  8.717300	  1.525986
476	  0.030426	 -0.025009	  0.036057	  2.059830	  8.772049	  1.506943
481	  0.037903	 -0.026077	  0.039261	  2.078873	  8.791092	  1.464096
486	  0.049118	 -0.027679	  0.032852	  2.033646	  8.886307	  1.523605
491	  0.056595	 -0.021271	  0.025375	  2.012222	  8.964859	  1.559311
496	  0.063004	 -0.016464	  0.010956	  2.005081	  8.981522	  1.504562
501	  0.077423	 -0.004181	 -0.005600	  1.962234	  8.995804	  1.480759
506	  0.088104	  0.004898	 -0.020554	  1.988419	  9.036270	  1.345078
511	  0.104660	  0.013443	 -0.039246	  1.964615	  9.033890	  1.421249
516	  0.123352	  0.026260	 -0.057404	  1.962234	  9.052933	  1.299850
521	  0.140976	  0.032669	 -0.073425	  1.947952	  9.074356	  1.285568
526	  0.159134	  0.038544	 -0.084106	  2.016983	  9.086258	  1.264145
532	  0.174622	  0.052963	 -0.091583	  2.045547	  9.069595	  1.326035
537	  0.185837	  0.060974	 -0.096390	  2.062210	  9.095779	  1.226059
541	  0.195450	  0.064178	 -0.093719	  2.057449	  9.129105	  1.235580
547	  0.203995	  0.070587	 -0.088379	  2.140762	  9.041031	  1.157028
551	  0.207733	  0.062576	 -0.079834	  2.140762	  9.021988	  1.137985
557	  0.213608	  0.054565	 -0.067551	  2.119339	  8.991043	  1.130844
562	  0.208801	  0.042816	 -0.052063	  2.197891	  8.998184	  1.268906
567	  0.200790	  0.032135	 -0.036041	  2.178848	  9.024368	  1.223679
572	  0.186371	  0.018784	 -0.015747	  2.181229	  8.972000	  1.211777
577	  0.168747	  0.003296	 -0.000259	  2.195511	  8.979141	  1.135605
582	  0.150589	 -0.011658	  0.014160	  2.152664	  8.962479	  1.178452
587	  0.128159	 -0.026611	  0.028046	  2.150284	  8.972000	  1.233200
592	  0.108932	 -0.038361	  0.039261	  2.143143	  8.957718	  1.230820
597	  0.090775	 -0.044235	  0.048874	  2.093155	  8.926773	  1.142746
602	  0.076355	 -0.047440	  0.055283	  2.083633	  8.943436	  1.123703
607	  0.065140	 -0.051712	  0.057953	  2.043167	  8.991043	  1.166550
612	  0.060333	 -0.046371	  0.065430	  2.036026	  8.962479	  1.142746
617	  0.056061	 -0.039963	  0.065430	  2.088394	  8.967239	  1.152267
622	  0.058197	 -0.034622	  0.068100	  2.097916	  9.024368	  1.054672
627	  0.063538	 -0.031952	  0.069168	  2.138382	  8.993423	  1.023727
632	  0.071014	 -0.033554	  0.071838	  2.176468	  8.957718	  0.990402
637	  0.077957	 -0.034622	  0.076645	  2.157425	  8.931534	  1.076096
642	  0.088638	 -0.038895	  0.074509	  2.140762	  8.924393	  1.121323
647	  0.096115	 -0.048508	  0.073441	  2.143143	  8.931534	  1.078476
652	  0.099319	 -0.053314	  0.072906	  2.171707	  8.917252	  1.071335
657	  0.100388	 -0.060257	  0.068634	  2.121719	  8.860123	  1.173691
662	  0.098251	 -0.065063	  0.067566	  2.126480	  8.800613	  1.164169
667	  0.091309	 -0.065598	  0.064362	  2.124100	  8.864883	  1.176071
672	  0.079559	 -0.067200	  0.064896	  2.150284	  8.838699	  1.195114
677	  0.072617	 -0.067200	  0.060623	  2.138382	  8.845840	  1.159409
683	  0.058731	 -0.063461	  0.064362	  2.164566	  8.869644	  1.164169
687	  0.049118	 -0.058121	  0.066498	  2.190750	  8.905350	  1.168930
693	  0.041107	 -0.049576	  0.073441	  2.250259	  8.912491	  1.245102
697	  0.029892	 -0.042633	  0.077713	  2.243118	  8.983902	  1.147507
702	  0.017075	 -0.031418	  0.080383	  2.212173	  9.026749	  1.157028
708	  0.011734	 -0.026077	  0.079849	  2.243118	  9.074356	  1.130844
713	  0.003723	 -0.022873	  0.070770	  2.169327	  9.029129	  1.130844
718	  0.002121	 -0.020203	  0.060623	  2.188370	  9.098160	  1.042770
723	  0.001587	 -0.018600	  0.045135	  2.105057	  9.100540	  0.988022
728	  0.004791	 -0.013260	  0.029648	  2.083633	  9.155289	  1.030869
733	  0.007996	 -0.010590	  0.011490	  2.045547	  9.145767	  1.026108
738	  0.015472	 -0.007919	 -0.006134	  2.047928	  9.145767	  1.009445
743	  0.025085	 -0.005249	 -0.019485	  2.052689	  9.088638	  1.057053
755	  0.031494	  0.001160	 -0.030167	  1.981277	  9.062454	  1.018967
755	  0.036301	  0.013977	 -0.038712	  2.019363	  9.033890	  0.971359
758	  0.045380	  0.017181	 -0.044586	  2.040787	  9.052933	  0.933273
763	  0.054459	  0.018784	 -0.044052	  2.038406	  8.988663	  0.968979
768	  0.062469	  0.020386	 -0.040314	  2.036026	  8.950577	  1.057053
773	  0.067276	  0.019852	 -0.036575	  2.083633	  8.926773	  0.961838
778	  0.068344	  0.024124	 -0.027496	  2.121719	  8.898209	  1.035629
783	  0.065674	  0.027863	 -0.020020	  2.176468	  8.886307	  1.076096
788	  0.058197	  0.028931	 -0.009872	  2.147903	  8.836319	  1.071335
793	  0.049118	  0.033203	 -0.000793	  2.178848	  8.826797	  1.090378
798	  0.034698	  0.033203	  0.007217	  2.166946	  8.736343	  1.076096
803	  0.015472	  0.029465	  0.009354	  2.176468	  8.791092	  1.190353
808	 -0.006958	  0.025726	  0.012558	  2.240738	  8.786331	  1.209396
813	 -0.028854	  0.019852	  0.012558	  2.243118	  8.762527	  1.218918
818	 -0.048080	  0.013977	  0.015762	  2.264542	  8.755386	  1.121323
825	 -0.063568	  0.003830	  0.016296	  2.288345	  8.783951	  1.087997
829	 -0.074783	 -0.005249	  0.017899	  2.276443	  8.755386	  1.107040
834	 -0.080124	 -0.016998	  0.018433	  2.250259	  8.767288	  1.054672
839	 -0.072647	 -0.025543	  0.020035	  2.243118	  8.791092	  1.068954
844	 -0.067307	 -0.028748	  0.020569	  2.193130	  8.814896	  0.959457
849	 -0.055557	 -0.021271	  0.022171	  2.181229	  8.860123	  1.023727
854	 -0.044342	 -0.010590	  0.024307	  2.195511	  8.907730	  1.045151
859	 -0.038467	  0.002762	  0.030182	  2.243118	  8.872025	  1.130844
864	 -0.036331	  0.009705	  0.035522	  2.255020	  8.864883	  1.159409
869	 -0.036331	  0.018784	  0.035522	  2.288345	  8.848221	  1.159409
874	 -0.039536	  0.020920	  0.037659	  2.321671	  8.829178	  1.137985
879	 -0.048080	  0.015579	  0.034988	  2.340714	  8.807755	  1.192734
884	 -0.056625	  0.005966	  0.027512	  2.378799	  8.769669	  1.149887
889	 -0.064636	 -0.003647	  0.026978	  2.440689	  8.750626	  1.168930
894	 -0.073181	 -0.014862	  0.027512	  2.454971	  8.748245	  1.180832
899	 -0.080124	 -0.029816	  0.022705	  2.440689	  8.719681	  1.226059
904	 -0.090805	 -0.042099	  0.017899	  2.462112	  8.710159	  1.245102
909	 -0.097748	 -0.049042	  0.016830	  2.397842	  8.686356	  1.259384
914	 -0.108429	 -0.055984	  0.014160	  2.390701	  8.757767	  1.306992
919	 -0.114304	 -0.057053	  0.014694	  2.347855	  8.781570	  1.349838
924	 -0.121780	 -0.053848	  0.012024	  2.274063	  8.733963	  1.421249
929	 -0.120178	 -0.047974	  0.006683	  2.250259	  8.733963	  1.340317
934	 -0.122314	 -0.043167	  0.005615	  2.193130	  8.741104	  1.337936
939	 -0.116974	 -0.037827	  0.005081	  2.150284	  8.741104	  1.371262
944	 -0.115372	 -0.031418	  0.005081	  2.212173	  8.755386	  1.399826
949	 -0.118042	 -0.026611	  0.006149	  2.190750	  8.812515	  1.395065
954	 -0.119644	 -0.019669	  0.004547	  2.155045	  8.786331	  1.445053
959	 -0.124451	 -0.012192	  0.005615	  2.178848	  8.769669	  1.337936
964	 -0.127121	 -0.012192	  0.002945	  2.238358	  8.805374	  1.442673
969	 -0.135132	 -0.011658	  0.001877	  2.252640	  8.876785	  1.416489
974	 -0.142609	 -0.008453	  0.004547	  2.281204	  8.886307	  1.461716
980	 -0.151154	 -0.008453	  0.004547	  2.302628	  8.819656	  1.459335
985	 -0.160233	 -0.008987	  0.004547	  2.371658	  8.862503	  1.471237
989	 -0.168777	 -0.009521	  0.007217	  2.369278	  8.879166	  1.542648
995	 -0.177322	 -0.008987	  0.009888	  2.402603	  8.886307	  1.616440
1000	 -0.182663	 -0.008987	  0.009354	  2.374039	  8.914871	  1.556931
1005	 -0.184799	 -0.012192	  0.009888	  2.390701	  8.905350	  1.435532
1010	 -0.187469	 -0.015396	  0.005615	  2.354996	  8.922012	  1.514084
1022	 -0.181595	 -0.020737	  0.002945	  2.314529	  8.933914	  1.506943
1023	 -0.177322	 -0.019135	 -0.004532	  2.364517	  8.929153	  1.440292
1025	 -0.169312	 -0.030350	 -0.007202	  2.385941	  8.969620	  1.395065
1030	 -0.162903	 -0.043701	 -0.003998	  2.359756	  8.931534	  1.387924
1035	 -0.150085	 -0.056519	  0.002411	  2.407364	  8.929153	  1.416489
1040	 -0.139404	 -0.070404	  0.009354	  2.409744	  8.879166	  1.506943
1045	 -0.129257	 -0.078415	  0.021103	  2.374039	  8.881546	  1.495041
1050	 -0.124451	 -0.087494	  0.032852	  2.385941	  8.912491	  1.468857
1055	 -0.119644	 -0.090164	  0.041931	  2.378799	  8.874405	  1.585495
1060	 -0.115372	 -0.086960	  0.053146	  2.359756	  8.872025	  1.518845
1065	 -0.112701	 -0.085892	  0.055817	  2.312149	  8.819656	  1.502182
1070	 -0.116440	 -0.082687	  0.056351	  2.219315	  8.836319	  1.664047
1075	 -0.114304	 -0.074677	  0.049408	  2.178848	  8.845840	  1.694992
1080	 -0.120178	 -0.063461	  0.038193	  2.143143	  8.838699	  1.814011
1086	 -0.128189	 -0.048508	  0.026443	  2.166946	  8.798233	  1.783066
1090	 -0.127655	 -0.030350	  0.009888	  2.145523	  8.848221	  1.799728
1095	 -0.130859	 -0.009521	 -0.003998	  2.119339	  8.814896	  1.787827
1100	 -0.130325	  0.010773	 -0.020554	  2.105057	  8.831558	  1.804489
1105	 -0.128189	  0.033203	 -0.031235	  2.140762	  8.850601	  1.723557
1110	 -0.128189	  0.044952	 -0.040848	  2.178848	  8.788712	  1.737839
1116	 -0.125519	  0.051361	 -0.046188	  2.193130	  8.829178	  1.716415
1121	 -0.121780	  0.055634	 -0.046188	  2.240738	  8.781570	  1.678329
1126	 -0.118576	  0.049225	 -0.044586	  2.221695	  8.864883	  1.614059
1131	 -0.111099	  0.039078	 -0.037643	  2.283585	  8.824417	  1.621201
1136	 -0.106293	  0.021454	 -0.026962	  2.276443	  8.812515	  1.668808
1141	 -0.099350	  0.009705	 -0.015213	  2.257401	  8.888687	  1.675949
1146	 -0.093475	 -0.003113	  0.000809	  2.214554	  8.855362	  1.692612
1151	 -0.089737	 -0.008987	  0.013626	  2.283585	  8.879166	  1.716415
1156	 -0.088669	 -0.018600	  0.027512	  2.255020	  8.850601	  1.811630
1161	 -0.090271	 -0.023941	  0.036591	  2.259781	  8.864883	  1.785446
1166	 -0.089737	 -0.035690	  0.040863	  2.233597	  8.869644	  1.742599
1171	 -0.088669	 -0.042099	  0.040329	  2.169327	  8.912491	  1.775925
1176	 -0.088135	 -0.047974	  0.032318	  2.205032	  8.912491	  1.830673
1181	 -0.088669	 -0.046906	  0.021103	  2.197891	  8.936295	  1.806870
1187	 -0.089203	 -0.049042	  0.008286	  2.136002	  9.055313	  1.825912
1191	 -0.089203	 -0.044769	 -0.010941	  2.147903	  9.074356	  1.928268
1196	 -0.087067	 -0.034622	 -0.024826	  2.109818	  9.086258	  1.868759
1201	 -0.076920	 -0.023407	 -0.044586	  2.121719	  9.045792	  1.778305
1206	 -0.058228	 -0.013794	 -0.051529	  2.064590	  9.052933	  1.785446
1211	 -0.041138	  0.001160	 -0.061142	  2.083633	  9.105301	  1.787827
1216	 -0.022980	  0.013443	 -0.064880	  2.062210	  9.124344	  1.892563
1221	 -0.007492	  0.028931	 -0.062744	  2.066971	  9.083878	  1.930649
1226	  0.006927	  0.043350	 -0.059006	  2.155045	  9.036270	  1.913986
1231	  0.021881	  0.055099	 -0.046188	  2.185989	  8.976761	  1.899704
1237	  0.034698	  0.063644	 -0.028030	  2.238358	  8.931534	  1.859238
1242	  0.044846	  0.060974	 -0.006134	  2.288345	  8.886307	  1.899704
1255	  0.045380	  0.059906	  0.016830	  2.340714	  8.874405	  1.818771
1256	  0.046982	  0.053497	  0.040863	  2.426407	  8.845840	  1.830673
1257	  0.037903	  0.042816	  0.063828	  2.478775	  8.891068	  1.871140
1263	  0.027222	  0.032135	  0.086258	  2.524002	  8.874405	  1.837814
1267	  0.015472	  0.014511	  0.102814	  2.528763	  8.895828	  1.854477
1272	 -0.000015	 -0.006317	  0.117233	  2.554947	  8.964859	  1.799728
1277	 -0.010696	 -0.027679	  0.121506	  2.569229	  8.976761	  1.725937
1282	 -0.017105	 -0.047440	  0.125244	  2.566849	  9.071976	  1.694992
1287	 -0.020844	 -0.058655	  0.120438	  2.559708	  9.033890	  1.666428
1292	 -0.017639	 -0.070404	  0.114029	  2.564468	  9.107681	  1.678329
1296	 -0.012833	 -0.074142	  0.105484	  2.509720	  9.091019	  1.666428
1302	 -0.004288	 -0.072540	  0.094269	  2.474014	  9.117203	  1.597397
1307	  0.011734	 -0.065063	  0.083588	  2.457352	  9.210037	  1.645004
1312	  0.027222	 -0.046906	  0.067566	  2.421646	  9.233841	  1.628342
1317	  0.046448	 -0.030884	  0.056351	  2.404984	  9.195755	  1.521225
1322	  0.070480	 -0.007919	  0.045670	  2.350235	  9.181473	  1.473618
1327	  0.091843	  0.013443	  0.034454	  2.409744	  9.119583	  1.466476
1332	  0.115875	  0.032135	  0.023773	  2.390701	  9.069595	  1.549789
1337	  0.131363	  0.048157	  0.014160	  2.359756	  8.991043	  1.435532
1342	  0.143112	  0.058304	  0.000275	  2.397842	  8.974380	  1.473618
1347	  0.147385	  0.065781	 -0.009872	  2.343094	  8.895828	  1.575974
1352	  0.140976	  0.064178	 -0.023224	  2.364517	  8.819656	  1.597397
1357	  0.128159	  0.066849	 -0.033905	  2.426407	  8.745865	  1.637863
1362	  0.112671	  0.071655	 -0.042450	  2.393082	  8.681595	  1.590256
1367	  0.089706	  0.071655	 -0.049393	  2.419266	  8.653030	  1.656906
1372	  0.069946	  0.075928	 -0.055801	  2.390701	  8.626846	  1.611679
1377	  0.050186	  0.075394	 -0.062744	  2.274063	  8.600662	  1.554550
1382	  0.034698	  0.078598	 -0.071823	  2.278824	  8.648270	  1.580734
1388	  0.021881	  0.087143	 -0.084106	  2.264542	  8.636368	  1.616440
1392	  0.010666	  0.097824	 -0.089447	  2.255020	  8.733963	  1.573593
1397	  0.005859	  0.107437	 -0.099060	  2.276443	  8.707779	  1.490280
1404	  0.002655	  0.122925	 -0.108673	  2.235977	  8.683975	  1.468857
1408	 -0.001083	  0.134674	 -0.110275	  2.228836	  8.695877	  1.492661
1413	  0.001587	  0.151230	 -0.111877	  2.235977	  8.724442	  1.530746
1418	  0.001587	  0.165115	 -0.116684	  2.207413	  8.719681	  1.418869
1423	  0.006393	  0.176865	 -0.119888	  2.205032	  8.703018	  1.409348
1428	  0.007996	  0.188080	 -0.124695	  2.207413	  8.707779	  1.414108
1433	  0.012802	  0.188080	 -0.127365	  2.205032	  8.679214	  1.354599
1438	  0.011734	  0.185410	 -0.132172	  2.207413	  8.612564	  1.390305
1443	  0.014404	  0.160843	 -0.131104	  2.224075	  8.676834	  1.297470
1448	  0.014404	  0.160843	 -0.131104	  2.228836	  8.676834	  1.328415
1453	  0.019211	  0.143219	 -0.130035	  2.231216	  8.569717	  1.354599
1458	  0.019211	  0.103699	 -0.111877	  2.240738	  8.588760	  1.345078
1463	  0.020813	  0.081802	 -0.104935	  2.250259	  8.581619	  1.337936
1468	  0.019211	  0.066849	 -0.092117	  2.195511	  8.610184	  1.347458
1473	  0.017075	  0.040680	 -0.080368	  2.162186	  8.572098	  1.333176
1478	  0.016541	  0.025726	 -0.069687	  2.212173	  8.541153	  1.364120
1483	  0.013870	  0.014511	 -0.055267	  2.269302	  8.553055	  1.447433
1489	  0.007462	  0.002762	 -0.044052	  2.228836	  8.619705	  1.490280
1493	 -0.004288	 -0.009521	 -0.033371	  2.209793	  8.660172	  1.459335
1498	 -0.016037	 -0.019135	 -0.029633	  2.212173	  8.636368	  1.487900
1504	 -0.025116	 -0.027145	 -0.023224	  2.145523	  8.681595	  1.499802
1508	 -0.033661	 -0.026077	 -0.023224	  2.174088	  8.719681	  1.490280
1513	 -0.041138	 -0.028214	 -0.023758	  2.152664	  8.691116	  1.478378
1519	 -0.049149	 -0.025543	 -0.025894	  2.090775	  8.719681	  1.564072
1523	 -0.056091	 -0.019135	 -0.029099	  2.066971	  8.776810	  1.568832
1529	 -0.060364	 -0.011124	 -0.032303	  2.050308	  8.762527	  1.549789
1534	 -0.071579	 -0.004181	 -0.037109	  2.024124	  8.748245	  1.623581
1539	 -0.076920	  0.003830	 -0.039780	  2.002701	  8.760147	  1.628342
1544	 -0.083862	  0.004898	 -0.037643	  2.088394	  8.767288	  1.694992
1549	 -0.090805	  0.009705	 -0.031769	  2.131241	  8.736343	  1.678329
1554	 -0.094009	  0.003296	 -0.029633	  2.107437	  8.726822	  1.675949
1559	 -0.099884	 -0.002045	 -0.016815	  2.147903	  8.743484	  1.628342
1564	 -0.104691	 -0.013794	 -0.009338	  2.190750	  8.783951	  1.642624
1569	 -0.107895	 -0.023941	  0.003479	  2.209793	  8.786331	  1.714035
1574	 -0.113235	 -0.031952	  0.016296	  2.188370	  8.862503	  1.787827
1579	 -0.118576	 -0.043701	  0.028580	  2.226456	  8.872025	  1.761642
1584	 -0.124451	 -0.046371	  0.041397	  2.195511	  8.848221	  1.792587
1589	 -0.129257	 -0.049576	  0.051544	  2.214554	  8.845840	  1.785446
1594	 -0.136200	 -0.044235	  0.061691	  2.224075	  8.888687	  1.773544
1599	 -0.138870	 -0.043701	  0.067566	  2.197891	  8.895828	  1.802109
1604	 -0.144211	 -0.041031	  0.069702	  2.178848	  8.902969	  1.830673
1609	 -0.150085	 -0.044235	  0.067566	  2.190750	  9.007706	  1.849716
1614	 -0.150085	 -0.041031	  0.063293	  2.221695	  8.981522	  1.852097
1619	 -0.147415	 -0.049576	  0.055283	  2.209793	  8.988663	  1.811630
1624	 -0.142075	 -0.046371	  0.049408	  2.190750	  8.993423	  1.766403
1629	 -0.132996	 -0.052246	  0.041931	  2.212173	  9.012466	  1.704514
1634	 -0.119110	 -0.060791	  0.034454	  2.157425	  9.041031	  1.668808
1639	 -0.105759	 -0.069870	  0.024307	  2.138382	  9.031509	  1.733078
1645	 -0.090805	 -0.068802	  0.014160	  2.188370	  9.081497	  1.775925
1649	 -0.075851	 -0.069870	  0.010956	  2.150284	  9.071976	  1.759262
1654	 -0.063568	 -0.066132	  0.004013	  2.183609	  8.988663	  1.799728
1659	 -0.051285	 -0.061859	  0.002411	  2.162186	  9.007706	  1.842575
1665	 -0.040070	 -0.046906	  0.003479	  2.169327	  8.991043	  1.885422
1670	 -0.035263	 -0.037292	  0.008820	  2.133621	  8.991043	  1.904465
1675	 -0.033127	 -0.028214	  0.010422	  2.140762	  9.014847	  1.930649
1680	 -0.033661	 -0.020737	  0.010956	  2.178848	  9.005325	  1.887802
1685	 -0.034195	 -0.017532	  0.009354	  2.164566	  8.967239	  1.825912
1690	 -0.033661	 -0.016464	  0.009354	  2.233597	  8.955338	  1.787827
1695	 -0.035797	 -0.018066	  0.010956	  2.247879	  8.995804	  1.768784
1700	 -0.035263	 -0.018600	  0.004547	  2.219315	  8.983902	  1.837814
1705	 -0.032593	 -0.019669	  0.000809	  2.197891	  8.988663	  1.790207
1710	 -0.031525	 -0.018066	 -0.004532	  2.176468	  9.043411	  1.837814
1715	 -0.028854	 -0.016998	 -0.010406	  2.164566	  9.031509	  1.809250
1720	 -0.023514	 -0.012192	 -0.013077	  2.150284	  9.057693	  1.842575
1725	 -0.013901	 -0.012192	 -0.021622	  2.128860	  9.041031	  1.842575
1730	 -0.010696	 -0.005783	 -0.023758	  2.114578	  9.036270	  1.847336
1735	  0.000519	 -0.006317	 -0.026962	  2.145523	  8.995804	  1.861618
1740	  0.011200	 -0.010056	 -0.024826	  2.178848	  9.002945	  1.840195
1758	  0.016541	 -0.003647	 -0.024826	  2.207413	  8.979141	  1.940170
1759	  0.018677	 -0.008453	 -0.022156	  2.209793	  9.038651	  1.913986
1760	  0.015472	 -0.013794	 -0.022690	  2.102676	  9.010086	  2.023483
1760	  0.009598	 -0.016464	 -0.022156	  2.126480	  9.026749	  2.059189
1765	  0.003189	 -0.014862	 -0.021088	  2.138382	  9.017227	  2.068710
1770	 -0.005890	 -0.014862	 -0.023224	  2.112198	  9.019608	  2.059189
1775	 -0.009628	 -0.015930	 -0.022156	  2.131241	  8.976761	  2.033005
1780	 -0.011230	 -0.015930	 -0.023224	  2.090775	  8.991043	  2.042526
1785	 -0.009628	 -0.013260	 -0.022156	  2.112198	  8.952957	  2.104416
1791	 -0.010162	 -0.010056	 -0.022156	  2.107437	  8.981522	  2.144882
1795	 -0.010696	 -0.005783	 -0.019485	  2.121719	  8.964859	  2.209152
1800	 -0.012833	  0.002228	 -0.016815	  2.152664	  8.883926	  2.280563
1805	 -0.013367	  0.005432	 -0.017349	  2.171707	  8.888687	  2.375778
1811	 -0.015503	  0.010773	 -0.012009	  2.109818	  8.950577	  2.435287
1815	 -0.020844	  0.012909	 -0.010941	  2.088394	  8.957718	  2.394821
1820	 -0.022980	  0.013977	 -0.010941	  2.064590	  9.019608	  2.368637
1826	 -0.025116	  0.008102	 -0.014145	  2.045547	  9.041031	  2.382919
1831	 -0.023514	  0.007568	 -0.016815	  2.045547	  9.107681	  2.421005
1836	 -0.017105	  0.009705	 -0.016815	  2.009842	  9.136246	  2.421005
1841	 -0.006958	  0.014511	 -0.013077	  1.957474	  9.167191	  2.418625
1846	  0.003723	  0.014511	 -0.012009	  1.966995	  9.283829	  2.447189
1851	  0.021881	  0.011307	 -0.000793	  1.940811	  9.271927	  2.470993
1856	  0.038437	  0.008102	  0.007217	  2.002701	  9.345718	  2.418625
1861	  0.062469	  0.005432	  0.022171	  2.045547	  9.305252	  2.387680
1866	  0.087036	  0.006500	  0.038727	  2.071732	  9.336197	  2.537643
1871	  0.107864	 -0.000443	  0.063293	  2.100296	  9.374283	  2.549545
1876	  0.128159	 -0.003113	  0.079849	  2.119339	  9.319534	  2.666183
1881	  0.144180	 -0.011658	  0.101746	  2.133621	  9.305252	  2.651901
1886	  0.161804	 -0.021271	  0.120438	  2.221695	  9.229080	  2.649521
1892	  0.180496	 -0.032486	  0.140198	  2.233597	  9.250504	  2.692368
1896	  0.194916	 -0.049042	  0.155151	  2.252640	  9.231461	  2.649521
1901	  0.206131	 -0.074677	  0.162628	  2.295486	  9.190994	  2.806625
1906	  0.212540	 -0.094971	  0.171707	  2.321671	  9.164810	  2.728073
1911	  0.220016	 -0.115265	  0.177048	  2.314529	  9.195755	  2.763779
1916	  0.228561	 -0.137161	  0.177582	  2.300247	  9.124344	  2.809006
1921	  0.233902	 -0.151047	  0.174377	  2.283585	  9.121964	  2.773300
1926	  0.245117	 -0.156921	  0.168503	  2.231216	  9.114822	  2.735214
1931	  0.255798	 -0.160126	  0.158356	  2.224075	  9.174332	  2.709030
1936	  0.267548	 -0.155319	  0.143936	  2.195511	  9.095779	  2.685226
1942	  0.283035	 -0.154785	  0.127380	  2.164566	  9.145767	  2.578110
1947	  0.300125	 -0.141968	  0.115631	  2.116959	  9.081497	  2.511459
1952	  0.314545	 -0.127014	  0.107086	  2.212173	  9.052933	  2.478134
1957	  0.328964	 -0.105118	  0.098007	  2.209793	  9.076736	  2.435287
1962	  0.340714	 -0.086426	  0.095337	  2.200272	  9.019608	  2.297226
1967	  0.345520	 -0.070404	  0.089462	  2.214554	  9.012466	  2.266281
1972	  0.350861	 -0.057587	  0.083054	  2.262161	  8.936295	  2.123459
1977	  0.353531	 -0.045837	  0.078781	  2.314529	  8.936295	  1.997299
1982	  0.351395	 -0.044235	  0.070770	  2.338333	  8.922012	  1.928268
1987	  0.354065	 -0.038361	  0.065430	  2.331192	  8.867264	  1.778305
1992	  0.354599	 -0.040497	  0.057953	  2.414505	  8.881546	  1.671188
1997	  0.358871	 -0.043167	  0.054749	  2.428787	  8.805374	  1.456955
2003	  0.365814	 -0.045303	  0.052078	  2.459732	  8.822037	  1.326035
2007	  0.373291	 -0.051178	  0.048874	  2.424026	  8.788712	  1.280807
2024	  0.381836	 -0.055450	  0.045670	  2.464493	  8.698257	  1.161789
2024	  0.389313	 -0.058121	  0.044601	  2.440689	  8.645889	  1.116562
2025	  0.390915	 -0.059723	  0.045135	  2.400223	  8.617325	  1.011826
2027	  0.391983	 -0.061325	  0.041397	  2.452591	  8.534012	  1.047531
2032	  0.385574	 -0.064529	  0.034988	  2.416885	  8.517349	  1.064194
2037	  0.378098	 -0.067734	  0.027512	  2.359756	  8.424515	  0.918991
2042	  0.364212	 -0.067734	  0.018433	  2.335953	  8.317398	  0.876144
2047	  0.350327	 -0.066132	  0.011490	  2.319290	  8.279312	  0.845200
2052	  0.333771	 -0.060791	  0.005081	  2.297867	  8.200760	  0.683334
2057	  0.318283	 -0.055450	 -0.000793	  2.328812	  8.150772	  0.621445
2062	  0.300125	 -0.051712	  0.000809	  2.333572	  8.055557	  0.514328
2067	  0.281433	 -0.041031	  0.004547	  2.359756	  8.041275	  0.530991
2072	  0.261673	 -0.036758	  0.008820	  2.359756	  8.015091	  0.497665
2077	  0.214676	 -0.016998	  0.021103	  2.321671	  7.996048	  0.385788
2082	  0.198654	 -0.011658	  0.023773	  2.333572	  7.938919	  0.278671
2088	  0.181564	 -0.005249	  0.032852	  2.285965	  7.869888	  0.202499
2093	  0.165009	 -0.003113	  0.038727	  2.335953	  7.772293	  0.140610
2098	  0.151657	  0.001694	  0.040329	  2.312149	  7.781815	 -0.004593
2103	  0.139374	 -0.002579	  0.040329	  2.293106	  7.681839	 -0.106949
2108	  0.125488	 -0.004715	  0.040863	  2.340714	  7.574722	 -0.092667
2113	  0.104660	 -0.010590	  0.038193	  2.354996	  7.462845	 -0.161697
2118	  0.082764	 -0.019669	  0.036591	  2.328812	  7.370010	 -0.287857
2123	  0.058197	 -0.026077	  0.037125	  2.352615	  7.253372	 -0.237869
2128	  0.033096	 -0.033554	  0.038193	  2.378799	  7.089127	 -0.344986
2133	  0.006927	 -0.044235	  0.047272	  2.388321	  6.967728	 -0.404495
2138	 -0.020844	 -0.057053	  0.056885	  2.490677	  6.791580	 -0.499710
2143	 -0.053955	 -0.070938	  0.071304	  2.478775	  6.648758	 -0.547318
2148	 -0.094543	 -0.072540	  0.089996	  2.621597	  6.398819	 -0.480667
2153	 -0.135132	 -0.078949	  0.109222	  2.621597	  6.398819	 -0.480667
2158	 -0.176788	 -0.086426	  0.127380	  2.640640	  6.129837	 -0.661575
2163	 -0.221649	 -0.099243	  0.147675	  2.633499	  5.898941	 -0.656815
2168	 -0.265976	 -0.115265	  0.158890	  2.612076	  5.651382	 -0.752029
2173	 -0.311905	 -0.124878	  0.167435	  2.590652	  5.206253	 -0.737747
2178	 -0.363708	 -0.141434	  0.170639	  2.550186	  4.980118	 -0.740128
2183	 -0.416580	 -0.148911	  0.170639	  2.502579	  4.713516	 -0.840103
2188	 -0.469986	 -0.165466	  0.161560	  2.474014	  4.437393	 -0.878189
2194	 -0.521255	 -0.177216	  0.151947	  2.445450	  4.139847	 -0.947220
2198	 -0.571457	 -0.190567	  0.135391	  2.419266	  3.949417	 -1.085281
2203	 -0.614716	 -0.195908	  0.118301	  2.319290	  3.699478	 -1.118607
2208	 -0.651566	 -0.209793	  0.098541	  2.238358	  3.435257	 -1.237625
2213	 -0.688416	 -0.219406	  0.080383	  2.255020	  3.235306	 -1.240005
2218	 -0.721527	 -0.225281	  0.063293	  2.243118	  3.066299	 -1.370926
2223	 -0.752502	 -0.229553	  0.050476	  2.193130	  2.842545	 -1.439957
2228	 -0.777069	 -0.238632	  0.038193	  2.119339	  2.699722	 -1.604202
2233	 -0.802704	 -0.241302	  0.031250	  2.121719	  2.506912	 -1.756546
2239	 -0.822998	 -0.251984	  0.027512	  1.969376	  2.368851	 -1.799393
2257	 -0.841156	 -0.259460	  0.026443	  1.962234	  2.195084	 -1.756546
2258	 -0.864655	 -0.262131	  0.028580	  1.926529	  2.049881	 -1.699417
2259	 -0.895096	 -0.261597	  0.031250	  1.800369	  1.799942	 -1.677994
2260	 -0.930878	 -0.263733	  0.035522	  1.688492	  1.564285	 -1.613724
2264	 -0.973602	 -0.262131	  0.039795	  1.619461	  1.240555	 -1.592300
2269	 -1.027542	 -0.262665	  0.041397	  1.517105	  0.950150	 -1.468521
2274	 -1.087357	 -0.263199	  0.047272	  1.448074	  0.740677	 -1.332840
2279	 -1.159454	 -0.259460	  0.054749	  1.329056	  0.497879	 -1.049576
2284	 -1.249176	 -0.247177	  0.065430	  1.243362	  0.343155	 -0.759171
2289	 -1.352249	 -0.232224	  0.080383	  1.124344	  0.100357	 -0.518753
2294	 -1.472412	 -0.209793	  0.095871	  1.026749	 -0.109116	 -0.223587
2299	 -1.596848	 -0.179352	  0.106552	  0.898209	 -0.311447	  0.009689
2304	 -1.738907	 -0.145706	  0.117767	  0.745865	 -0.425705	  0.112045
2309	 -1.882568	 -0.103516	  0.126846	  0.679214	 -0.592331	  0.435776
2314	 -2.033707	 -0.057587	  0.136993	  0.653030	 -0.768478	  0.604782
2319	 -2.186447	 -0.006317	  0.149811	  0.645889	 -0.892258	  0.650009
2324	 -2.336517	  0.044952	  0.169571	  0.710159	 -0.911301	  0.704758
2329	 -2.482315	  0.088745	  0.188797	  0.714920	 -0.901779	  0.914230
2334	 -2.632385	  0.145889	  0.213364	  0.664932	 -0.830368	  1.111801
2339	 -2.785126	  0.204636	  0.237396	  0.641129	 -0.687546	  1.290329
2345	 -2.930923	  0.265518	  0.256622	  0.631607	 -0.592331	  1.418869
2350	 -3.074051	  0.319458	  0.277451	  0.667313	 -0.518539	  1.587875
2355	 -3.215042	  0.374466	  0.295609	  0.645889	 -0.463791	  1.828293
2359	 -3.356033	  0.425735	  0.301483	  0.669693	 -0.449509	  2.104416
2364	 -3.492752	  0.478073	  0.309494	  0.603043	 -0.420944	  2.449570
2369	 -3.619858	  0.533081	  0.306290	  0.407852	 -0.347153	  2.825668
2375	 -3.746964	  0.599304	  0.294540	  0.376907	 -0.389999	  3.427902
2380	 -3.870331	  0.679413	  0.269974	  0.226944	 -0.368576	  3.970627
2385	 -3.995834	  0.768600	  0.242203	  0.096024	 -0.316208	  4.403854
2390	 -4.121872	  0.864731	  0.205353	  0.017471	 -0.125778	  5.075119
2395	 -4.247910	  0.974747	  0.166367	 -0.077744	  0.121780	  5.682114
2400	 -4.378220	  1.089569	  0.123642	 -0.322922	  0.445511	  6.310532
2405	 -4.513336	  1.205994	  0.072372	 -0.289597	  0.850174	  7.053207
2410	 -4.654327	  1.315475	  0.028046	 -0.251511	  1.178665	  8.014877
2415	 -4.795319	  1.424423	 -0.012543	 -0.311020	  1.435745	  8.519516
2420	 -4.920822	  1.524826	 -0.044052	 -0.377670	  1.868973	  8.907516
2425	 -5.027634	  1.611877	 -0.073959	 -0.144394	  2.323624	  9.604965
2430	 -5.113617	  1.696259	 -0.085709	 -0.072983	  3.023453	 10.397629
2435	 -5.172897	  1.784378	 -0.095856	 -0.006332	  3.897049	 11.021286
2440	 -5.217224	  1.856476	 -0.104935	 -0.039658	  4.765884	 11.897263
2445	 -5.249268	  1.905075	 -0.118286	  0.155533	  5.310989	 12.927963
2450	 -5.269562	  1.929642	 -0.129501	  0.379288	  5.668045	 13.668259
2455	 -5.268494	  1.916824	 -0.135376	  0.210281	  6.094131	 14.310959
2460	 -5.250336	  1.853806	 -0.156738	  0.184097	  6.510696	 15.441635
2465	 -5.233246	  1.756607	 -0.175964	 -0.018234	  6.882034	 17.026962
2470	 -5.227371	  1.643921	 -0.195190	  0.141251	  6.979630	 18.509933
2475	 -5.223633	  1.528030	 -0.196259	  0.162674	  7.327164	 19.566818
2480	 -5.196396	  1.403061	 -0.177032	  0.495926	  7.729446	 20.392807
2485	 -5.139786	  1.262070	 -0.123627	  0.869644	  8.043655	 21.354477
2490	 -5.050064	  1.109863	 -0.039246	  1.114822	  8.403091	 21.961472
2496	 -4.911209	  0.948578	  0.073441	  1.226700	  8.919632	 22.228073
2500	 -4.719482	  0.777145	  0.192001	  1.200516	  9.386185	 23.020737
2505	 -4.488235	  0.623871	  0.303085	  1.029129	  9.993179	 23.863388
2510	 -4.224411	  0.502640	  0.379456	  0.831558	 10.693008	 24.501328
2515	 -3.935486	  0.420929	  0.422180	  0.657791	 11.452347	 25.244003
2521	 -3.623596	  0.400635	  0.424850	  0.576859	 12.187881	 25.843857
2525	 -3.294083	  0.439087	  0.387466	  0.512589	 12.985306	 26.258041
2531	 -2.952286	  0.520798	  0.318039	  0.491165	 13.628006	 26.441330
2536	 -2.601944	  0.632950	  0.221909	  0.719681	 14.199295	 26.591293
2541	 -2.253204	  0.758453	  0.123642	  1.033890	 14.682510	 26.622238
2548	 -1.913544	  0.881287	  0.026978	  1.548050	 15.163345	 26.619858
2552	 -1.585632	  0.979553	 -0.046188	  2.183609	 15.653702	 26.460373
2556	 -1.271606	  1.045776	 -0.092117	  2.742996	 15.846512	 26.093796
2561	 -0.963989	  1.064468	 -0.107605	  3.228592	 15.856033	 25.658188
2566	 -0.659042	  1.020142	 -0.103867	  3.592789	 15.710831	 25.124985
2571	 -0.350357	  0.926147	 -0.080368	  3.842728	 15.556107	 24.517990
2576	 -0.043808	  0.785156	 -0.036575	  4.083145	 15.253799	 24.022873
2581	  0.252060	  0.601440	  0.015228	  4.316422	 14.930069	 23.599167
2586	  0.532440	  0.400635	  0.081451	  4.444962	 14.634903	 23.270676
2591	  0.796265	  0.194489	  0.152481	  4.452103	 14.168350	 22.730331
2597	  1.041931	 -0.010590	  0.221375	  4.366409	 13.697037	 22.287582
2601	  1.270508	 -0.216202	  0.281723	  4.302139	 13.125748	 21.632980
2606	  1.485199	 -0.414337	  0.334061	  4.140274	 12.528275	 21.114059
2611	  1.684937	 -0.600723	  0.374649	  3.959366	 11.902237	 20.504684
2616	  1.870255	 -0.763611	  0.407227	  3.733231	 11.369034	 19.907211
2621	  2.034744	 -0.903534	  0.415237	  3.488052	 10.890579	 19.276413
2626	  2.193893	 -1.017822	  0.406693	  3.216690	 10.383560	 18.633713
2631	  2.338623	 -1.100067	  0.383194	  2.940567	  9.888443	 17.945786
2636	  2.484955	 -1.157745	  0.343674	  2.690628	  9.369522	 17.288803
2641	  2.622208	 -1.188721	  0.294006	  2.440689	  8.838699	 16.496140
2647	  2.758392	 -1.205276	  0.231522	  2.247879	  8.334061	 15.705856
2652	  2.900986	 -1.206345	  0.161560	  2.288345	  7.567581	 15.091721
2657	  3.043579	 -1.195129	  0.102814	  2.155045	  6.874893	 14.237167
2662	  3.178696	 -1.190857	  0.052078	  2.133621	  6.220291	 13.411179
2667	  3.307938	 -1.181778	  0.016296	  2.005081	  5.801346	 12.613754
2672	  3.413681	 -1.192993	 -0.015747	  1.945572	  5.425247	 11.982956
2677	  3.501266	 -1.208481	 -0.034973	  1.902725	  4.975357	 11.506882
2682	  3.553070	 -1.228775	 -0.044052	  1.859879	  4.518326	 10.947495
2687	  3.579239	 -1.261887	 -0.038177	  1.721817	  4.120804	 10.259567
2692	  3.577103	 -1.299805	 -0.030701	  1.683731	  3.794693	  9.652573
2697	  3.508209	 -1.379913	  0.009888	  1.590897	  3.478104	  9.069382
2702	  3.435577	 -1.409821	  0.034988	  1.474258	  3.128189	  8.514755
2707	  3.348526	 -1.429581	  0.069702	  1.350479	  2.980606	  7.998215
2712	  3.249191	 -1.439194	  0.100677	  1.264786	  2.761612	  7.450729
2717	  3.140778	 -1.437057	  0.125244	  1.024368	  2.511673	  6.912766
2722	  3.030762	 -1.430115	  0.142868	  0.869644	  2.371231	  6.331955
2727	  2.925018	 -1.411957	  0.162094	  0.695877	  2.233170	  5.870163
2732	  2.819275	 -1.385788	  0.173309	  0.507828	  2.116531	  5.258408
2737	  2.726349	 -1.351074	  0.177048	  0.362625	  2.068924	  4.744247
2742	  2.640366	 -1.314224	  0.168503	  0.119827	  2.114151	  4.151535
2757	  2.566666	 -1.273636	  0.152481	 -0.001572	  2.123672	  3.708786
2758	  2.500443	 -1.235718	  0.126846	 -0.251511	  2.040359	  2.713791
2761	  2.443832	 -1.194061	  0.094803	 -0.251511	  2.040359	  2.713791
2762	  2.397369	 -1.160950	  0.055817	 -0.284836	  1.907059	  2.135361
2767	  2.360519	 -1.125702	  0.020569	 -0.280075	  1.854691	  1.623581
2772	  2.325806	 -1.096329	 -0.014679	 -0.361008	  1.702347	  1.223679
2777	  2.285217	 -1.057877	 -0.040848	 -0.258652	  1.633316	  0.873764
2782	  2.241425	 -1.016754	 -0.061676	 -0.256271	  1.480972	  0.657150
2787	  2.191757	 -0.972961	 -0.070221	 -0.149155	  1.333389	  0.350082
2792	  2.126602	 -0.922226	 -0.059540	 -0.172958	  1.012039	  0.093002
2798	  2.049164	 -0.872025	 -0.046722	 -0.151535	  0.835892	 -0.087906
2802	  1.961578	 -0.825562	 -0.016815	 -0.134872	  0.702591	 -0.080765
2808	  1.853699	 -0.773224	  0.024841	 -0.149155	  0.635941	 -0.109329
2813	  1.729263	 -0.715012	  0.067032	 -0.275314	  0.602615	  0.071579
2818	  1.579727	 -0.650925	  0.117233	 -0.306259	  0.528824	  0.157272
2823	  1.418442	 -0.580963	  0.161560	 -0.384811	  0.457413	  0.283432
2828	  1.236328	 -0.512604	  0.205887	 -0.430038	  0.421707	  0.364365
2833	  1.048874	 -0.441040	  0.248077	 -0.615707	  0.386002	  0.242966
2838	  0.853409	 -0.373749	  0.286530	 -0.725204	  0.331253	  0.585739
2843	  0.646729	 -0.312866	  0.320709	 -0.758530	  0.257462	  0.852341
2848	  0.426697	 -0.245041	  0.352753	 -0.822800	  0.231277	  0.954697
2854	  0.204529	 -0.170273	  0.384796	 -0.898972	  0.186050	  1.030869
2858	 -0.017639	 -0.093369	  0.416840	 -0.846603	  0.109879	  1.021347
2863	 -0.234467	 -0.023407	  0.448883	 -0.808517	 -0.047226	  1.116562
2868	 -0.446487	  0.056168	  0.482529	 -0.879929	 -0.209091	  1.104660
2873	 -0.645157	  0.126129	  0.519379	 -1.010849	 -0.263840	  0.823776
2878	 -0.834747	  0.188614	  0.550888	 -0.837082	 -0.304306	  0.999924
2883	 -1.018463	  0.238815	  0.594681	 -0.777573	 -0.332870	  0.964218
2888	 -1.199509	  0.287415	  0.642212	 -0.775192	 -0.323349	  1.104660
2893	 -1.381088	  0.329605	  0.689743	 -0.782333	 -0.266220	  1.380783
2899	 -1.561600	  0.376068	  0.744751	 -0.818039	 -0.182907	  1.668808
2904	 -1.747986	  0.422531	  0.800293	 -0.739487	 -0.111496	  1.935410
2908	 -1.934906	  0.481277	  0.860107	 -0.925156	  0.012283	  2.280563
2913	 -2.121826	  0.536285	  0.915649	 -0.946579	  0.005142	  2.528122
2918	 -2.311951	  0.593964	  0.970123	 -0.963242	 -0.082932	  2.918503
2923	 -2.498871	  0.652176	  1.025665	 -0.937057	 -0.101974	  3.208908
2928	 -2.682587	  0.706650	  1.085480	 -0.929916	 -0.151962	  3.515976
2933	 -2.857224	  0.761124	  1.146896	 -0.975143	 -0.132919	  3.639755
2938	 -3.022781	  0.806519	  1.214188	 -1.025131	 -0.066269	  3.858749
2943	 -3.175522	  0.844437	  1.284683	 -1.115585	 -0.018661	  4.346725
2949	 -3.327728	  0.886627	  1.363190	 -1.151291	  0.083694	  4.898972
2954	 -3.468719	  0.950180	  1.440094	 -1.279831	  0.078934	  5.439316
2959	 -3.600632	  1.030823	  1.521271	 -1.494064	  0.112259	  5.670212
2964	 -3.709579	  1.117874	  1.595505	 -1.648788	  0.176529	  5.834457
2969	 -3.790756	  1.204926	  1.667068	 -1.824936	  0.102737	  6.129623
2974	 -3.851639	  1.278625	  1.734360	 -1.989182	  0.000381	  6.748520
2979	 -3.899170	  1.356598	  1.796310	 -2.196274	 -0.142441	  7.674484
2984	 -3.942429	  1.430298	  1.855057	 -2.146286	 -0.168625	  8.469528
2989	 -3.976608	  1.499725	  1.926086	 -2.253403	  0.028946	  9.219345
2994	 -3.997971	  1.550461	  1.997116	 -2.310532	  0.319351	  9.809677
2999	 -3.995834	  1.593719	  2.083633	 -2.246262	  0.666885	 10.599960
3005	 -3.969666	  1.635376	  2.186172	 -2.193893	  0.923965	 11.523544
3009	 -3.928009	  1.672760	  2.305267	 -1.962997	  1.040604	 12.280502
3022	 -3.854309	  1.701599	  2.445724	 -1.789230	  1.261978	 12.899399
3022	 -3.743759	  1.721359	  2.602203	 -1.827316	  1.442886	 13.423080
3024	 -3.592621	  1.730438	  2.762421	 -1.594040	  1.721390	 13.918198
3029	 -3.398224	  1.736847	  2.930115	 -1.415512	  2.009415	 14.591843
3034	 -3.173386	  1.745926	  3.090866	 -1.386948	  2.183182	 15.396408
3039	 -2.939468	  1.753937	  3.232391	 -1.320297	  2.133194	 16.360458
3044	 -2.705017	  1.755005	  3.357895	 -1.001328	  2.007034	 17.041245
3049	 -2.488190	  1.744324	  3.472717	 -0.503830	  1.995132	 17.841049
3055	 -2.285248	  1.717621	  3.583267	  0.112686	  1.971329	 18.593246
3059	 -2.107407	  1.677032	  3.691681	  0.791092	  1.964188	 19.359726
3064	 -1.959473	  1.632172	  3.804367	  1.398087	  1.940384	 20.059555
3069	 -1.831299	  1.580902	  3.917053	  2.250259	  1.845169	 20.699875
3074	 -1.716476	  1.538177	  4.037216	  2.926285	  1.954666	 21.033127
3079	 -1.598450	  1.503998	  4.148834	  3.507095	  2.202225	 20.999802
3085	 -1.457458	  1.489044	  4.237488	  4.021255	  2.578323	 21.161667
3090	 -1.299911	  1.507202	  4.304779	  4.414017	  2.863968	 21.363998
3095	 -1.131683	  1.585175	  4.333084	  4.799637	  3.204361	 21.768661
3100	 -0.957047	  1.728836	  4.325607	  5.220963	  3.480484	 22.256638
3105	 -0.787216	  1.906677	  4.282349	  5.599442	  3.632828	 22.220932
3110	 -0.606171	  2.103210	  4.199036	  5.942215	  3.675674	 22.051926
3115	 -0.411774	  2.274109	  4.084747	  6.453995	  3.554276	 21.887680
3120	 -0.206161	  2.419907	  3.946960	  6.968155	  3.382889	 21.582993
3125	  0.005859	  2.537399	  3.802231	  7.577530	  3.223404	 21.406845
3130	  0.215744	  2.607361	  3.665512	  8.167862	  3.140091	 21.116440
3135	  0.418152	  2.616974	  3.535202	  8.674881	  3.085342	 20.745102
3140	  0.610413	  2.536331	  3.411301	  9.250931	  2.904434	 20.071457
3145	  0.810684	  2.374512	  3.298615	  9.524673	  2.692581	 19.381149
3150	  1.020569	  2.145401	  3.198212	  9.672256	  2.511673	 18.755112
3161	  1.241135	  1.879974	  3.098343	  9.805557	  2.330765	 18.271896
3162	  1.470779	  1.594788	  2.993668	  9.719864	  2.273636	 17.612534
3167	  1.710037	  1.304794	  2.871902	  9.700821	  2.211746	 17.205490
3172	  1.946091	  1.017471	  2.737320	  9.598465	  2.218887	 16.734177
3177	  2.177872	  0.750443	  2.588318	  9.622269	  2.142715	 16.362839
3182	  2.399506	  0.518127	  2.436111	  9.648453	  2.035599	 16.108139
3188	  2.604050	  0.336014	  2.281769	  9.536575	  1.916580	 15.910568
3193	  2.798447	  0.207306	  2.126892	  9.496109	  1.761856	 15.458298
3196	  2.976822	  0.131470	  1.976822	  9.515152	  1.673782	 15.015549
3204	  3.144516	  0.099960	  1.834229	  9.508011	  1.557144	 14.622787
3206	  3.302597	  0.113846	  1.702316	  9.424698	  1.457169	 14.196701
3213	  3.443054	  0.164047	  1.570404	  9.212845	  1.316727	 13.687302
3218	  3.565887	  0.253235	  1.436890	  9.012894	  1.188187	 13.282639
3223	  3.672699	  0.376602	  1.291092	  8.853409	  0.854935	 12.899399
3226	  3.759216	  0.519730	  1.121796	  8.415421	  0.507401	 12.301926
3233	  3.830780	  0.662323	  0.932205	  8.075027	  0.314590	 11.440231
3238	  3.888992	  0.781952	  0.723389	  8.089310	  0.181290	 10.845139
3243	  3.927444	  0.873810	  0.513504	  8.258316	 -0.032944	 10.411911
3248	  3.942398	  0.954453	  0.318573	  8.420181	 -0.356674	  9.900131
3254	  3.943466	  1.007858	  0.148209	  8.643936	 -0.494736	  9.174118
3256	  3.927979	  1.019073	  0.002411	  8.886734	 -0.620895	  8.493332
3274	  3.897537	  0.993973	 -0.122025	  9.141434	 -0.725632	  8.010117
3279	  3.853210	  0.917603	 -0.224564	  9.193802	 -0.806564	  7.372177
3281	  3.800339	  0.794769	 -0.311615	  9.258072	 -0.904160	  6.917526
3282	  3.738922	  0.651108	 -0.384781	  9.267593	 -1.016037	  6.489059
3283	  3.671097	  0.491425	 -0.455811	  9.150955	 -1.104111	  6.146286
3286	  3.604340	  0.336548	 -0.522568	  8.808182	 -1.137436	  5.848740
3291	  3.539719	  0.204102	 -0.596802	  8.455887	 -1.313583	  5.639267
3296	  3.474030	  0.091415	 -0.687592	  8.248795	 -1.418320	  5.527390
3302	  3.408340	  0.024124	 -0.782120	  7.970291	 -1.556381	  5.322678
3306	  3.337311	 -0.018600	 -0.885193	  7.739395	 -1.637314	  5.106064
3311	  3.269485	 -0.031952	 -0.990402	  7.641800	 -1.687302	  4.918015
3316	  3.205399	 -0.015396	 -1.103088	  7.337112	 -1.718246	  4.801376
3321	  3.074020	  0.103165	 -1.332199	  7.151443	 -1.844406	  4.668076
3326	  3.003525	  0.182205	 -1.455032	  6.949112	 -1.972946	  4.446701
3331	  2.926620	  0.271393	 -1.586945	  6.561111	 -2.096725	  4.413376
3337	  2.838501	  0.356842	 -1.725266	  6.373062	 -2.158615	  4.349106
3342	  2.742371	  0.440689	 -1.860382	  6.299271	 -2.227646	  4.332443
3347	  2.633423	  0.505310	 -1.994431	  6.380203	 -2.322861	  4.482407
3352	  2.512192	  0.535751	 -2.127411	  6.301651	 -2.403793	  4.327682
3357	  2.379211	  0.524002	 -2.250244	  6.246902	 -2.484726	  4.189621
3362	  2.242493	  0.487152	 -2.363998	  6.434952	 -2.627548	  4.222946
3367	  2.087616	  0.424667	 -2.461197	  6.480179	 -2.703720	  4.422897
3372	  1.913513	  0.323730	 -2.548782	  6.408768	 -2.791794	  4.594284
3387	  1.717514	  0.210510	 -2.631561	  6.242142	 -2.677536	  4.853745
3388	  1.511368	  0.078598	 -2.708466	  6.106461	 -2.525192	  4.989426
3389	  1.298279	 -0.066666	 -2.778427	  6.104080	 -2.389511	  5.037033
3393	  1.078247	 -0.220474	 -2.840912	  5.949356	 -2.401413	  5.129868
3399	  0.859818	 -0.381226	 -2.907669	  5.628006	 -2.401413	  5.222702
3402	  0.646729	 -0.552124	 -2.972824	  5.401871	 -2.418076	  5.115585
3409	  0.445389	 -0.724091	 -3.036377	  5.182877	 -2.434738	  5.075119
3412	  0.256332	 -0.898727	 -3.102066	  4.932938	 -2.420456	  4.932297
3420	  0.084366	 -1.071228	 -3.165085	  4.340225	 -2.556137	  4.925156
3422	 -0.069977	 -1.235718	 -3.227036	  4.080765	 -2.579941	  5.113205
3430	 -0.212036	 -1.380447	 -3.288452	  3.776077	 -2.622787	  5.246506
3432	 -0.343414	 -1.511292	 -3.349335	  3.421402	 -2.572800	  5.386948
3440	 -0.463043	 -1.629318	 -3.417694	  2.854874	 -2.458542	  5.415512
3443	 -0.577332	 -1.726517	 -3.501541	  2.338333	 -2.353806	  5.589279
3449	 -0.683609	 -1.806625	 -3.598206	  2.021744	 -2.232407	  6.020126
3452	 -0.781342	 -1.851486	 -3.694870	  1.614700	 -2.049118	  6.381943
3460	 -0.876938	 -1.881393	 -3.794739	  1.231461	 -1.772995	  6.660446
3462	 -0.967194	 -1.885666	 -3.899948	  0.867264	 -1.470688	  7.000839
3471	 -1.049973	 -1.885132	 -4.007828	  0.655411	 -1.261215	  7.319809
3472	 -1.118866	 -1.870712	 -4.113571	  0.422134	 -1.094589	  7.257919
3479	 -1.160522	 -1.848816	 -4.213440	  0.236465	 -0.994614	  7.172226
3483	 -1.172272	 -1.830124	 -4.308502	  0.226944	 -1.075546	  7.065109
3490	 -1.160522	 -1.813568	 -4.391281	  0.186478	 -1.194565	  7.226974
3494	 -1.132217	 -1.803421	 -4.457504	 -0.096786	 -1.289780	  7.686386
3501	 -1.095367	 -1.796478	 -4.522125	 -0.449081	 -1.125534	  8.402878
3504	 -1.078278	 -1.792740	 -4.593689	 -0.813278	 -0.651840	  9.431198
3509	 -1.086288	 -1.787399	 -4.667389	 -1.044174	 -0.140060	 10.359543
3514	 -1.111389	 -1.767639	 -4.747498	 -1.498825	  0.340775	 11.140305
3521	 -1.153580	 -1.753754	 -4.832947	 -1.793991	  0.700211	 11.854416
3524	 -1.198975	 -1.751617	 -4.915192	 -1.924911	  0.904922	 12.173386
3529	 -1.233688	 -1.769775	 -4.980347	 -1.979660	  0.859695	 12.382858
3535	 -1.239029	 -1.816238	 -5.022537	 -2.353378	  0.728775	 12.406662
3540	 -1.205383	 -1.893143	 -5.044434	 -2.746140	  0.602615	 12.394760
3543	 -1.144501	 -1.998352	 -5.061523	 -3.210312	  0.552628	 12.927963
3549	 -1.061188	 -2.106766	 -5.062592	 -3.643539	  0.721634	 13.623032
3557	 -0.978409	 -2.224792	 -5.057785	 -4.148178	  0.992996	 14.444260
3559	 -0.898834	 -2.336411	 -5.047104	 -4.643295	  1.114395	 15.313095
3566	 -0.815521	 -2.430939	 -5.032684	 -5.197922	  1.314346	 15.848679
3568	 -0.722595	 -2.516388	 -5.018265	 -5.821579	  1.507156	 16.243820
3575	 -0.601898	 -2.601837	 -5.004913	 -6.278610	  1.671402	 16.498520
3580	 -0.463043	 -2.686752	 -4.992096	 -6.659470	  1.911819	 16.729416
3585	 -0.295883	 -2.760986	 -4.974472	 -7.287888	  2.345047	 16.931747
3590	 -0.114838	 -2.843765	 -4.956848	 -7.295029	  2.656876	 17.179306
3596	  0.078491	 -2.923874	 -4.929077	 -7.461655	  3.037735	 17.481613
3600	  0.274490	 -2.993301	 -4.892227	 -7.811569	  3.442398	 17.572067
3605	  0.476364	 -3.076614	 -4.845764	 -8.161484	  3.766129	 17.741074
3609	  0.675034	 -3.165802	 -4.799835	 -8.392380	  4.016068	 18.081467
3617	  0.858215	 -3.251251	 -4.747498	 -8.658981	  4.220779	 18.376633
3619	  1.037125	 -3.336700	 -4.689819	 -9.039841	  4.418350	 18.281418
3626	  1.212830	 -3.426956	 -4.636948	 -9.323105	  4.613541	 18.093369
3631	  1.392273	 -3.523621	 -4.579269	 -9.584946	  4.744461	 18.045761
3635	  1.581329	 -3.606934	 -4.517319	 -9.763474	  4.880142	 17.910080
3640	  1.764511	 -3.685974	 -4.446289	 -9.858688	  5.020584	 17.917221
3646	  1.941818	 -3.744186	 -4.361374	-10.001511	  5.161026	 17.876755
3649	  2.106308	 -3.784241	 -4.268982	-10.191940	  5.253860	 17.800583
3655	  2.266525	 -3.810944	 -4.168579	-10.460922	  5.289566	 17.505417
3659	  2.421936	 -3.835510	 -4.065506	-10.608505	  5.149124	 17.193588
3667	  2.573608	 -3.852600	 -3.957626	-10.791794	  5.049149	 16.760361
3669	  2.723679	 -3.875565	 -3.844940	-10.913193	  4.939651	 16.450912
3676	  2.866272	 -3.880905	 -3.721573	-10.948898	  4.894424	 16.160507
3681	  2.992844	 -3.878235	 -3.583786	-11.015549	  4.827774	 15.798691
3686	  3.110870	 -3.879837	 -3.439056	-10.984604	  4.730179	 15.353561
3700	  3.218750	 -3.885712	 -3.279907	-10.853683	  4.563553	 14.729904
3701	  3.317017	 -3.883041	 -3.115417	-10.839401	  4.396927	 14.403793
3703	  3.400864	 -3.871292	 -2.939178	-10.734665	  4.344559	 14.122910
3715	  3.469223	 -3.844055	 -2.761337	-10.641830	  4.287430	 13.723007
3716	  3.519958	 -3.802933	 -2.577621	-10.663254	  4.204117	 13.344528
3717	  3.552002	 -3.749527	 -2.403519	-10.665634	  3.985123	 12.882736
3725	  3.570160	 -3.692917	 -2.238495	-10.606125	  3.742325	 12.328110
3726	  3.573364	 -3.628296	 -2.079880	-10.444260	  3.454300	 11.713974
3735	  3.563217	 -3.573288	 -1.927139	-10.301437	  3.297195	 11.299789
3736	  3.541321	 -3.507599	 -1.778671	-10.220505	  3.182938	 10.859421
3740	  3.503403	 -3.433899	 -1.636612	-10.053879	  3.099625	 10.411911
3745	  3.455338	 -3.345245	 -1.494553	 -9.861069	  3.042496	 10.019150
3749	  3.398193	 -3.242172	 -1.356232	 -9.665878	  2.921097	  9.616867
3754	  3.329300	 -3.127350	 -1.214706	 -9.351669	  2.828262	  9.012253
3771	  3.256668	 -3.015198	 -1.073715	 -9.085068	  2.675919	  8.381454
3771	  3.185104	 -2.908920	 -0.931122	 -8.847031	  2.594986	  7.972031
3772	  3.107666	 -2.801575	 -0.791199	 -8.723251	  2.606888	  7.719711
3776	  3.019547	 -2.685150	 -0.666229	 -8.592331	  2.661636	  7.300766
3779	  2.928223	 -2.565521	 -0.556213	 -8.428085	  2.694962	  6.934189
3784	  2.833160	 -2.459778	 -0.462219	 -8.332870	  2.666397	  6.484299
3789	  2.732224	 -2.355637	 -0.381042	 -8.242416	  2.523575	  6.093918
3794	  2.635559	 -2.258972	 -0.313751	 -8.018661	  2.433121	  5.627365
3799	  2.539963	 -2.163376	 -0.251266	 -7.737778	  2.416458	  5.260788
3805	  2.438492	 -2.075256	 -0.186646	 -7.475937	  2.373611	  5.008469
3809	  2.336487	 -1.986603	 -0.123093	 -7.199814	  2.406937	  4.856125
3814	  2.231277	 -1.902222	 -0.052597	 -6.987961	  2.416458	  4.539536
3819	  2.122864	 -1.813034	  0.011490	 -6.752304	  2.371231	  4.341965
3824	  2.010178	 -1.725449	  0.079849	 -6.461899	  2.416458	  4.161057
3830	  1.901230	 -1.620239	  0.154083	 -6.228622	  2.497391	  4.139633
3835	  1.791748	 -1.507553	  0.229385	 -6.033432	  2.633072	  3.992050
3840	  1.679062	 -1.376175	  0.308960	 -5.854904	  2.783035	  3.930161
3845	  1.571182	 -1.234650	  0.386932	 -5.688278	  2.849686	  3.630234
3849	  1.472916	 -1.090988	  0.461700	 -5.588303	  2.818741	  3.351730
3855	  1.389069	 -0.938782	  0.528992	 -5.533554	  2.771133	  3.023239
3860	  1.311096	 -0.783905	  0.581329	 -5.557358	  2.813980	  2.792343
3866	  1.240067	 -0.635971	  0.613907	 -5.540695	  2.887772	  2.685226
3872	  1.165833	 -0.494980	  0.627792	 -5.426437	  3.009171	  2.580490
3877	  1.083054	 -0.358795	  0.633667	 -5.331223	  3.159134	  2.594772
3882	  0.994400	 -0.243439	  0.631531	 -5.176498	  3.254349	  2.463852
3887	  0.900940	 -0.146774	  0.627792	 -4.950363	  3.323380	  2.318649
3892	  0.802139	 -0.070938	  0.625122	 -4.738510	  3.347183	  2.190109
3897	  0.706009	 -0.022339	  0.637405	 -4.436203	  3.263870	  1.899704
3902	  0.613083	  0.008102	  0.665176	 -4.212448	  3.254349	  1.716415
3908	  0.523361	  0.017715	  0.708969	 -3.979172	  3.240067	  1.635483
3912	  0.436844	  0.024658	  0.773056	 -3.838730	  3.290054	  1.614059
3918	  0.348724	  0.025192	  0.847824	 -3.726852	  3.418594	  1.697372
3922	  0.253662	  0.031601	  0.932205	 -3.655441	  3.551895	  2.002060
3928	  0.154861	  0.044418	  1.019257	 -3.667343	  3.644730	  2.049667
3932	  0.053391	  0.065781	  1.107376	 -3.650681	  3.699478	  2.147263
3938	 -0.051285	  0.100494	  1.191757	 -3.686386	  3.749466	  2.280563
3942	 -0.152756	  0.140015	  1.273468	 -3.731613	  3.820877	  2.404343
3948	 -0.358902	  0.254303	  1.407516	 -3.800644	  3.961319	  2.459091
3952	 -0.459839	  0.329071	  1.458786	 -3.895859	  4.144608	  2.725693
3958	 -0.559708	  0.415588	  1.500977	 -4.138657	  4.285049	  2.837570
3963	 -0.662781	  0.510651	  1.537292	 -4.091049	  4.349319	  3.073227
3967	 -0.766388	  0.622269	  1.578949	 -4.064865	  4.430252	  3.477890
3973	 -0.865189	  0.744568	  1.620605	 -4.200546	  4.580215	  3.718307
3978	 -0.959717	  0.878082	  1.667068	 -4.274338	  4.675430	  3.923019
3981	 -1.050507	  1.016403	  1.711929	 -4.217209	  4.639725	  4.472885
3989	 -1.143433	  1.167542	  1.770142	 -4.224350	  4.580215	  4.960861
3991	 -1.231018	  1.324020	  1.833694	 -4.186264	  4.513565	  5.417892
3996	 -1.321274	  1.477829	  1.911667	 -4.091049	  4.623062	  5.908249
4007	 -1.414734	  1.634842	  2.001389	 -3.948227	  4.730179	  6.527145
4008	 -1.508194	  1.787582	  2.103928	 -3.838730	  4.865860	  7.096054
4032	 -1.592041	  1.934982	  2.215546	 -3.743515	  5.042007	  7.484055
4033	 -1.666809	  2.067429	  2.340515	 -3.579269	  5.327652	  7.893478
4034	 -1.726624	  2.192398	  2.473495	 -3.384079	  5.541885	  8.267197
4035	 -1.765610	  2.290131	  2.616089	 -3.234116	  5.784683	  8.545700
4037	 -1.778961	  2.364365	  2.764023	 -3.005600	  5.982254	  8.748032
4039	 -1.757599	  2.422043	  2.925842	 -2.346237	  6.029861	  8.962265
4045	 -1.706329	  2.461563	  3.092468	 -2.215317	  6.127457	  9.031296
4048	 -1.619812	  2.485062	  3.257492	 -1.770187	  6.241714	  9.409775
4052	 -1.514069	  2.508560	  3.414505	 -1.655930	  6.308365	 10.088181
4057	 -1.394440	  2.544876	  3.558701	 -1.541672	  6.408340	 10.723740
4062	 -1.272141	  2.582794	  3.682068	 -1.358383	  6.391678	 11.314072
4067	 -1.149841	  2.616974	  3.779266	 -1.201279	  6.267899	 11.733017
4072	 -1.022736	  2.653290	  3.851364	 -0.960861	  6.232193	 12.204330
4077	 -0.895096	  2.689606	  3.902634	 -0.613327	  6.115555	 12.808945
4082	 -0.777069	  2.730728	  3.945358	 -0.194382	  6.048904	 13.289780
4087	 -0.667587	  2.765976	  3.982208	  0.419754	  6.015579	 13.977707
4092	 -0.568787	  2.792679	  4.026001	  1.105301	  5.877518	 14.489487
4097	 -0.485474	  2.796951	  4.071396	  1.686111	  5.601395	 14.646591
4102	 -0.398956	  2.763306	  4.121063	  2.376419	  5.244339	 15.060776
4108	 -0.310303	  2.691742	  4.178207	  3.004837	  4.965836	 15.396408
4112	 -0.220047	  2.610565	  4.239090	  3.564224	  4.844437	 15.655869
4117	 -0.114304	  2.497879	  4.296768	  3.935562	  4.823013	 15.931992
4123	  0.004791	  2.381454	  4.338425	  4.240250	  4.768265	 16.217636
4129	  0.136703	  2.262360	  4.366196	  4.604446	  4.675430	 16.608017
4133	  0.279297	  2.161423	  4.369400	  4.909134	  4.732559	 17.143600
4140	  0.423492	  2.097336	  4.350174	  4.968643	  4.915848	 17.319748
4143	  0.567688	  2.044464	  4.302643	  5.182877	  4.951553	 17.567307
4150	  0.704407	  2.003342	  4.224136	  5.309036	  4.968216	 17.738693
4153	  0.843796	  1.962753	  4.121063	  5.666092	  4.858719	 17.686325
4161	  0.983719	  1.918427	  4.007843	  6.120743	  4.815872	 17.519699
4165	  1.120972	  1.851669	  3.891418	  6.784866	  4.718277	 17.110275
4168	  1.262497	  1.738449	  3.784607	  7.384720	  4.706375	 16.667526
4175	  1.401352	  1.578766	  3.681000	  7.832230	  4.544510	 16.250961
4178	  1.538071	  1.388107	  3.593948	  8.341629	  4.292191	 15.829636
4183	  1.679596	  1.179291	  3.514374	  8.865311	  4.177933	 15.648727
4190	  1.811508	  0.975815	  3.438538	  9.100967	  4.213638	 15.565414
4193	  1.938080	  0.788895	  3.358963	  9.205704	  4.358841	 15.291672
4200	  2.053970	  0.618530	  3.264435	  9.239029	  4.439774	 15.115524
4203	  2.165588	  0.476471	  3.151749	  9.198563	  4.494522	 14.772751
4211	  2.276672	  0.361649	  3.023041	  9.074783	  4.415970	 14.406174
4215	  2.393631	  0.268723	  2.880981	  9.067642	  4.361221	 13.961044
4219	  2.511658	  0.201431	  2.740524	  9.165237	  4.273148	 13.687302
4223	  2.624878	  0.164581	  2.601135	  9.200943	  4.335037	 13.456406
4230	  2.733292	  0.159241	  2.472427	  9.279495	  4.332657	 13.220749
4233	  2.836365	  0.175262	  2.352264	  9.305679	  4.306473	 12.842270
4240	  2.940506	  0.204102	  2.243851	  9.393753	  4.170792	 12.270981
4244	  3.043579	  0.231873	  2.148254	  9.479446	  4.025589	 11.721115
4250	  3.149323	  0.259109	  2.060135	  9.484207	  3.861343	 11.287888
4255	  3.251328	  0.269791	  1.976288	  9.479446	  3.659012	 10.849899
4289	  3.343185	  0.274063	  1.895645	  9.267593	  3.575699	 10.492844
4299	  3.425430	  0.267654	  1.789368	  8.984329	  3.428116	  9.992966
4300	  3.493256	  0.245758	  1.661728	  8.734390	  3.328140	  9.331223
4302	  3.562149	  0.202499	  1.509521	  8.732010	  3.073441	  8.976547
4305	  3.623032	  0.152298	  1.346634	  8.727249	  2.847305	  8.540939
4306	  3.676971	  0.092484	  1.181076	  8.698685	  2.652115	  7.833969
4309	  3.734116	  0.010773	  1.017654	  8.765335	  2.552139	  7.281723
4311	  3.786987	 -0.080017	  0.864914	  8.834366	  2.390274	  6.769943
4317	  3.835587	 -0.175613	  0.717514	  8.634415	  2.375992	  6.381943
4317	  3.874039	 -0.268539	  0.582397	  8.498734	  2.316483	  6.089157
4318	  3.907150	 -0.350784	  0.454224	  8.379715	  2.273636	  5.613083
4319	  3.934921	 -0.419678	  0.332993	  8.274979	  2.206985	  5.025131
4319	  3.966965	 -0.470947	  0.225113	  8.153580	  2.026077	  4.589523
4323	  3.992065	 -0.503525	  0.128448	  7.979813	  1.949905	  4.265793
4328	  4.018768	 -0.520081	  0.033386	  7.701309	  1.971329	  3.782578
4333	  4.036392	 -0.516876	 -0.056335	  7.468033	  2.030838	  3.382675
4338	  4.046539	 -0.507263	 -0.144989	  7.270462	  2.037979	  3.094650
4343	  4.049744	 -0.482162	 -0.232040	  7.053848	  2.071304	  2.809006
4348	  4.043869	 -0.451187	 -0.320694	  6.841995	  2.087967	  2.323410
4353	  4.035858	 -0.414337	 -0.407745	  6.708694	  1.945145	  1.928268
4358	  4.018768	 -0.379089	 -0.488922	  6.470657	  1.847549	  1.573593
4363	  4.001144	 -0.342239	 -0.570633	  6.311172	  1.754715	  1.202255
4368	  3.981918	 -0.301651	 -0.648071	  6.189774	  1.728531	  0.869003
4373	  3.951477	 -0.264267	 -0.720169	  6.106461	  1.666641	  0.530991
4378	  3.918900	 -0.222610	 -0.781052	  6.049332	  1.642838	  0.309616
4386	  3.872971	 -0.182022	 -0.831787	  6.013626	  1.664261	  0.038254
4391	  3.817429	 -0.131287	 -0.873978	  5.885086	  1.649979	 -0.187881
4394	  3.752808	 -0.082687	 -0.909760	  5.816055	  1.657120	 -0.416397
4403	  3.678574	 -0.046371	 -0.946609	  5.749405	  1.690445	 -0.642532
4404	  3.595261	 -0.011124	 -0.976517	  5.751785	  1.664261	 -0.844864
4414	  3.498062	  0.017181	 -1.001083	  5.685135	  1.626175	 -1.251907
4414	  3.398727	  0.021454	 -1.020844	  5.673233	  1.576187	 -1.520889
4424	  3.293518	  0.012375	 -1.037399	  5.608963	  1.490494	 -1.892227
4424	  3.181366	 -0.012726	 -1.056091	  5.585159	  1.442886	 -2.177872
4434	  3.071884	 -0.041565	 -1.068909	  5.530411	  1.445267	 -2.456375
4435	  2.955460	 -0.075211	 -1.076920	  5.401871	  1.464310	 -2.734879
4441	  2.835831	 -0.115799	 -1.086533	  5.187637	  1.516678	 -2.999100
4444	  2.719940	 -0.143570	 -1.097748	  5.061478	  1.578568	 -3.387100
4453	  2.605652	 -0.162796	 -1.110031	  4.887711	  1.599991	 -3.582291
4454	  2.492966	 -0.178284	 -1.123917	  4.256912	  1.861832	 -4.032181
4464	  2.384552	 -0.186295	 -1.150620	  4.835342	  1.638077	 -3.591812
4465	  2.139420	 -0.189499	 -1.169846	  4.630630	  1.607132	 -3.908401
4472	  2.139420	 -0.189499	 -1.169846	  4.364029	  1.683304	 -4.051224
4476	  2.012314	 -0.184692	 -1.177856	  4.206924	  1.673782	 -4.201187
4481	  1.878799	 -0.173477	 -1.191742	  4.166458	  1.630936	 -4.296402
4486	  1.746887	 -0.166534	 -1.201889	  4.056961	  1.611893	 -4.429703
4492	  1.606430	 -0.163864	 -1.210968	  3.916519	  1.502396	 -4.455887
4496	  1.463303	 -0.160126	 -1.224319	  3.897476	  1.369095	 -4.522537
4501	  1.312698	 -0.163864	 -1.232864	  3.780838	  1.252457	 -4.667740
4507	  1.158356	 -0.176682	 -1.235001	  3.618973	  1.228653	 -4.693924
4512	  0.991196	 -0.191101	 -1.241409	  3.616592	  1.278641	 -4.743912
4516	  0.821899	 -0.210861	 -1.244614	  3.509476	  1.331009	 -4.717728
4522	  0.646194	 -0.227417	 -1.244614	  3.385696	  1.414322	 -4.615372
4525	  0.458206	 -0.238098	 -1.244080	  3.285721	  1.545242	 -4.484451
4532	  0.270218	 -0.239166	 -1.244080	  3.111954	  1.590469	 -4.434464
4538	  0.077423	 -0.236496	 -1.238739	  3.004837	  1.673782	 -4.436844
