284	  0.167145	 -0.006851	 -0.151932	 -7.045090	  3.609024	  4.072983
289	  0.178360	 -0.005249	 -0.150330	 -7.066513	  3.628067	  4.039658
293	  0.187973	 -0.006851	 -0.149261	 -7.080795	  3.625687	  3.913498
298	  0.198120	 -0.007385	 -0.150330	 -7.078415	  3.711380	  3.975388
303	  0.209869	 -0.005249	 -0.150864	 -7.071274	  3.692337	  3.961105
308	  0.223221	 -0.005249	 -0.149261	 -7.085556	  3.737564	  3.930161
313	  0.234970	 -0.000443	 -0.151398	 -7.140305	  3.799454	  3.868271
318	  0.248322	 -0.002579	 -0.153534	 -7.116501	  3.811356	  3.892075
323	  0.260605	 -0.005783	 -0.157272	 -7.133163	  3.799454	  3.949203
328	  0.263809	  0.003296	 -0.159409	 -7.123642	  3.794693	  4.008713
333	  0.268082	  0.011307	 -0.157272	 -7.176010	  3.754227	  4.068222
338	  0.264877	  0.019852	 -0.157806	 -7.197433	  3.770889	  4.077744
343	  0.260605	  0.029465	 -0.158340	 -7.237900	  3.744705	  4.156296
348	  0.251526	  0.039612	 -0.154068	 -7.271225	  3.749466	  4.282455
353	  0.234970	  0.050827	 -0.152466	 -7.283127	  3.697098	  4.311020
358	  0.222687	  0.055634	 -0.145523	 -7.273605	  3.744705	  4.111069
363	  0.213608	  0.051895	 -0.132706	 -7.283127	  3.716141	  3.994431
368	  0.208267	  0.029465	 -0.118286	 -7.330734	  3.723282	  3.975388
373	  0.210938	  0.001694	 -0.099060	 -7.330734	  3.680435	  3.903976
378	  0.209335	 -0.030884	 -0.087311	 -7.375961	  3.647110	  3.946823
383	  0.208801	 -0.068802	 -0.071289	 -7.461655	  3.620926	  3.965866
388	  0.203995	 -0.113663	 -0.061142	 -7.521164	  3.609024	  3.884933
393	  0.205597	 -0.153183	 -0.055267	 -7.452133	  3.604263	  3.887314
398	  0.202393	 -0.195374	 -0.052063	 -7.447372	  3.697098	  3.896835
403	  0.202393	 -0.226349	 -0.049393	 -7.466415	  3.668533	  3.965866
408	  0.200256	 -0.252518	 -0.049393	 -7.471176	  3.728043	  4.006332
414	  0.200790	 -0.268539	 -0.051529	 -7.395004	  3.766129	  4.027756
418	  0.197052	 -0.270142	 -0.050995	 -7.340256	  3.828018	  3.970627
424	  0.194916	 -0.262131	 -0.051529	 -7.368820	  3.882767	  4.051559
429	  0.193848	 -0.245041	 -0.054733	 -7.342636	  3.904190	  4.096786
434	  0.191177	 -0.217804	 -0.060074	 -7.266464	  3.854202	  4.163437
439	  0.187439	 -0.190567	 -0.060074	 -7.197433	  3.849442	  4.220566
444	  0.177292	 -0.156387	 -0.057938	 -7.204575	  3.899429	  4.230087
449	  0.170349	 -0.127548	 -0.052597	 -7.159348	  3.878006	  4.139633
454	  0.165009	 -0.100845	 -0.052597	 -7.178391	  3.835159	  4.118210
459	  0.161270	 -0.078949	 -0.048859	 -7.152206	  3.808975	  4.089645
464	  0.161270	 -0.065598	 -0.041382	 -7.118881	  3.789932	  3.989670
469	  0.162338	 -0.063995	 -0.038177	 -7.118881	  3.773270	  3.880173
474	  0.175156	 -0.076813	 -0.034973	 -7.176010	  3.711380	  3.877792
479	  0.185837	 -0.090698	 -0.032303	 -7.126022	  3.694717	  3.727829
484	  0.194382	 -0.107254	 -0.031235	 -7.102219	  3.649490	  3.754013
489	  0.203995	 -0.124878	 -0.021088	 -7.018906	  3.637589	  3.777817
494	  0.212540	 -0.140366	 -0.017883	 -7.068893	  3.666153	  3.842087
499	  0.213608	 -0.152115	 -0.009338	 -7.068893	  3.575699	  3.868271
504	  0.216278	 -0.162262	 -0.002930	 -7.052231	  3.597122	  3.734970
509	  0.220551	 -0.164398	  0.006683	 -7.016525	  3.632828	  3.730209
514	  0.216812	 -0.167603	  0.025375	 -6.952255	  3.628067	  3.777817
519	  0.210938	 -0.164932	  0.039795	 -7.018906	  3.661392	  3.906357
533	  0.200790	 -0.155319	  0.052078	 -7.014145	  3.694717	  3.949203
533	  0.186905	 -0.144638	  0.060623	 -7.068893	  3.804214	  4.008713
535	  0.168213	 -0.130219	  0.058487	 -7.154587	  3.856583	  4.034897
539	  0.149521	 -0.117401	  0.050476	 -7.214096	  3.923233	  4.042038
544	  0.131363	 -0.101913	  0.039795	 -7.209335	  3.930374	  4.039658
549	  0.108932	 -0.090164	  0.028046	 -7.285507	  3.954178	  4.015854
554	  0.087570	 -0.082153	  0.019501	 -7.273605	  3.927994	  4.065842
559	  0.070480	 -0.074677	  0.008286	 -7.290268	  3.958939	  3.884933
565	  0.054993	 -0.067734	  0.002945	 -7.268845	  3.918472	  3.870651
570	  0.040039	 -0.066132	 -0.003464	 -7.237900	  3.889908	  3.732590
575	  0.030960	 -0.063461	 -0.001862	 -7.223618	  3.823257	  3.706406
580	  0.025620	 -0.065598	 -0.000259	 -7.202194	  3.780411	  3.699265
585	  0.018143	 -0.071472	  0.006683	 -7.190292	  3.728043	  3.701645
590	  0.007996	 -0.077881	  0.014694	 -7.211716	  3.735184	  3.706406
595	  0.004257	 -0.092300	  0.023239	 -7.223618	  3.737564	  3.637375
600	  0.001053	 -0.109390	  0.026978	 -7.204575	  3.720901	  3.599289
605	 -0.005890	 -0.135025	  0.029114	 -7.228378	  3.723282	  3.513596
610	 -0.006424	 -0.162796	  0.028580	 -7.249802	  3.718521	  3.468369
615	 -0.004822	 -0.195908	  0.027512	 -7.211716	  3.792313	  3.487411
620	 -0.002686	 -0.224213	  0.022171	 -7.237900	  3.828018	  3.649277
626	 -0.004822	 -0.242371	  0.011490	 -7.216476	  3.785172	  3.677841
630	 -0.011230	 -0.253052	  0.002411	 -7.183151	  3.758987	  3.784958
636	 -0.020309	 -0.260529	 -0.008804	 -7.147446	  3.754227	  3.849228
640	 -0.025116	 -0.257858	 -0.019485	 -7.161728	  3.723282	  3.846848
645	 -0.032593	 -0.255188	 -0.027496	 -7.121262	  3.739944	  3.801620
650	 -0.033661	 -0.243973	 -0.036041	 -7.090317	  3.785172	  3.775436
655	 -0.030991	 -0.228485	 -0.041382	 -7.073654	  3.730423	  3.737350
660	 -0.028320	 -0.205521	 -0.045120	 -7.004623	  3.670914	  3.777817
665	 -0.016037	 -0.175079	 -0.047256	 -6.976059	  3.630447	  3.830185
670	 -0.005356	 -0.143570	 -0.042984	 -6.935593	  3.594742	  3.715927
676	  0.013336	 -0.114731	 -0.036041	 -6.868942	  3.532852	  3.644516
680	  0.036301	 -0.090698	 -0.024292	 -6.916550	  3.516190	  3.544540
685	  0.063538	 -0.071472	 -0.014679	 -6.904648	  3.535233	  3.539780
690	  0.092911	 -0.057053	 -0.006134	 -6.918930	  3.511429	  3.470749
695	  0.124954	 -0.050644	  0.003479	 -7.014145	  3.525711	  3.501694
700	  0.159134	 -0.046371	  0.006683	 -7.102219	  3.537613	  3.475510
706	  0.190109	 -0.047440	  0.004013	 -7.142685	  3.611404	  3.496933
711	  0.219482	 -0.043701	 -0.001862	 -7.202194	  3.670914	  3.563583
716	  0.244583	 -0.032486	 -0.010406	 -7.202194	  3.685196	  3.656418
721	  0.256332	 -0.020737	 -0.013611	 -7.249802	  3.766129	  3.849228
726	  0.259003	 -0.005783	 -0.015747	 -7.306931	  3.706619	  3.949203
731	  0.252060	  0.008102	 -0.015213	 -7.261703	  3.758987	  3.973007
736	  0.243515	  0.018784	 -0.015213	 -7.295029	  3.754227	  4.042038
741	  0.228027	  0.021454	 -0.007736	 -7.230759	  3.725662	  4.011093
746	  0.210938	  0.017715	 -0.000793	 -7.275986	  3.739944	  3.901596
751	  0.192780	  0.006500	  0.008286	 -7.283127	  3.754227	  3.894455
756	  0.181030	 -0.012726	  0.015228	 -7.321213	  3.704239	  3.901596
761	  0.165543	 -0.035156	  0.021103	 -7.364059	  3.694717	  3.863510
766	  0.157532	 -0.064529	  0.028046	 -7.364059	  3.601883	  3.725449
771	  0.154861	 -0.096573	  0.032318	 -7.309311	  3.618546	  3.599289
776	  0.159134	 -0.132355	  0.043533	 -7.335495	  3.549515	  3.527878
781	  0.169281	 -0.166534	  0.050476	 -7.309311	  3.604263	  3.494553
786	  0.178360	 -0.198044	  0.062759	 -7.259323	  3.551895	  3.587387
791	  0.189575	 -0.215668	  0.073441	 -7.192673	  3.518570	  3.606430
796	  0.194916	 -0.231689	  0.089462	 -7.190292	  3.485245	  3.711166
801	  0.194382	 -0.238098	  0.104950	 -7.166489	  3.551895	  3.806381
806	  0.193314	 -0.237564	  0.120972	 -7.166489	  3.585220	  3.808762
811	  0.187439	 -0.231155	  0.136993	 -7.135544	  3.642349	  3.894455
816	  0.175156	 -0.226349	  0.151413	 -7.216476	  3.630447	  4.020615
821	  0.159668	 -0.217804	  0.157288	 -7.183151	  3.706619	  3.975388
826	  0.143646	 -0.214600	  0.160492	 -7.171249	  3.694717	  3.944443
831	  0.130829	 -0.211395	  0.161560	 -7.114120	  3.730423	  3.849228
838	  0.120148	 -0.212997	  0.165833	 -7.068893	  3.747086	  3.889694
842	  0.111069	 -0.221542	  0.170105	 -7.002243	  3.713760	  3.834946
847	  0.105194	 -0.230621	  0.170105	 -6.911789	  3.711380	  3.718307
852	  0.106796	 -0.243439	  0.174911	 -6.907028	  3.713760	  3.668320
857	  0.114807	 -0.255188	  0.170639	 -6.845139	  3.763748	  3.649277
862	  0.122818	 -0.268539	  0.172241	 -6.768967	  3.694717	  3.506454
867	  0.134567	 -0.277618	  0.179718	 -6.721359	  3.689957	  3.551682
872	  0.145248	 -0.284027	  0.183456	 -6.688034	  3.692337	  3.604050
877	  0.150055	 -0.280823	  0.183456	 -6.738022	  3.749466	  3.689743
882	  0.154861	 -0.273346	  0.182388	 -6.768967	  3.773270	  3.756393
887	  0.158600	 -0.257858	  0.177582	 -6.752304	  3.839920	  3.794479
892	  0.153793	 -0.240768	  0.171173	 -6.792770	  3.885147	  3.911118
897	  0.146317	 -0.220474	  0.162094	 -6.766586	  3.887527	  3.892075
902	  0.137772	 -0.201782	  0.148743	 -6.807053	  3.913712	  3.932541
907	  0.121750	 -0.179352	  0.141266	 -6.764206	  3.937515	  3.989670
912	  0.103058	 -0.161728	  0.138596	 -6.749924	  3.963699	  3.953964
917	  0.087570	 -0.149445	  0.130585	 -6.766586	  3.961319	  3.996811
922	  0.067810	 -0.140900	  0.127914	 -6.792770	  3.994644	  3.939682
927	  0.045914	 -0.145172	  0.116699	 -6.790390	  4.077957	  3.899216
932	  0.027222	 -0.153183	  0.111893	 -6.776108	  4.027969	  3.901596
938	  0.014404	 -0.168137	  0.103882	 -6.790390	  4.030350	  3.749252
942	  0.001053	 -0.185760	  0.093735	 -6.797531	  4.013687	  3.739731
947	 -0.006424	 -0.204987	  0.091064	 -6.799911	  4.020828	  3.732590
952	 -0.011230	 -0.222610	  0.084656	 -6.768967	  4.027969	  3.770676
957	 -0.013901	 -0.237030	  0.081985	 -6.745163	  4.008926	  3.737350
962	 -0.013901	 -0.246643	  0.080917	 -6.728500	  3.980362	  3.853989
967	 -0.011230	 -0.240768	  0.081985	 -6.680893	  3.968460	  3.777817
972	 -0.008026	 -0.233826	  0.083054	 -6.683273	  3.994644	  3.773056
977	  0.001053	 -0.218872	  0.079849	 -6.657089	  4.020828	  3.761154
982	  0.011200	 -0.195374	  0.079315	 -6.621384	  4.085098	  3.777817
988	  0.020279	 -0.167603	  0.075577	 -6.638046	  4.070816	  3.827805
992	  0.029358	 -0.135559	  0.067032	 -6.599960	  4.082718	  3.899216
997	  0.035233	 -0.097107	  0.068634	 -6.619003	  4.092239	  3.968246
1003	  0.040573	 -0.058655	  0.061691	 -6.564255	  4.125565	  4.018234
1008	  0.040039	 -0.026077	  0.056351	 -6.595200	  4.137466	  4.075363
1013	  0.032562	  0.001694	  0.048340	 -6.588058	  4.139847	  4.084885
1023	  0.023483	  0.023056	  0.044601	 -6.661850	  4.146988	  4.063461
1023	  0.013336	  0.032669	  0.036057	 -6.621384	  4.189835	  4.049179
1028	  0.003189	  0.034271	  0.024841	 -6.664230	  4.163651	  3.951584
1034	 -0.004288	  0.021988	  0.012024	 -6.697556	  4.192215	  3.953964
1039	 -0.013901	  0.001694	 -0.002930	 -6.695175	  4.156509	  3.942062
1043	 -0.023514	 -0.022873	 -0.011475	 -6.742783	  4.125565	  3.880173
1048	 -0.026184	 -0.052246	 -0.020020	 -6.718979	  4.063675	  3.875412
1053	 -0.026718	 -0.078415	 -0.023758	 -6.709457	  4.082718	  3.951584
1058	 -0.026718	 -0.105118	 -0.031235	 -6.730881	  4.056534	  3.930161
1063	 -0.016571	 -0.124878	 -0.036575	 -6.785629	  4.032730	  3.932541
1068	 -0.008560	 -0.137695	 -0.041382	 -6.788010	  4.042252	  3.882553
1073	  0.001587	 -0.143036	 -0.049393	 -6.707077	  4.049393	  3.887314
1078	  0.013336	 -0.137695	 -0.053665	 -6.697556	  4.063675	  4.011093
1083	  0.025085	 -0.123276	 -0.054199	 -6.649948	  4.070816	  4.072983
1089	  0.034164	 -0.097107	 -0.056335	 -6.585678	  4.011307	  4.096786
1093	  0.041641	 -0.065598	 -0.055267	 -6.592819	  4.037491	  4.218185
1098	  0.048584	 -0.032486	 -0.054733	 -6.604721	  4.011307	  4.184860
1103	  0.068344	  0.028397	 -0.055801	 -6.561874	  4.080338	  4.082504
1109	  0.082230	  0.051895	 -0.056870	 -6.583298	  4.099380	  4.070602
1114	  0.093445	  0.071121	 -0.057404	 -6.533310	  4.089859	  4.034897
1119	  0.105194	  0.084473	 -0.057404	 -6.542831	  4.068436	  4.020615
1124	  0.115875	  0.090881	 -0.064346	 -6.597580	  4.085098	  4.056320
1129	  0.119614	  0.085541	 -0.063278	 -6.616623	  4.066055	  4.068222
1134	  0.125488	  0.077530	 -0.061142	 -6.583298	  4.104141	  3.956345
1139	  0.126556	  0.062042	 -0.055801	 -6.547592	  4.087479	  3.980148
1144	  0.127090	  0.047089	 -0.053131	 -6.595200	  4.094620	  4.077744
1149	  0.119614	  0.025726	 -0.053131	 -6.607101	  4.087479	  4.089645
1154	  0.112137	  0.006500	 -0.052063	 -6.702316	  4.082718	  4.144394
1159	  0.100388	 -0.008453	 -0.050995	 -6.678513	  4.097000	  4.149155
1164	  0.090775	 -0.023941	 -0.052063	 -6.680893	  4.092239	  4.103928
1169	  0.073151	 -0.035156	 -0.052063	 -6.633286	  4.066055	  4.142014
1174	  0.059265	 -0.047974	 -0.050995	 -6.649948	  4.089859	  4.230087
1179	  0.044312	 -0.057053	 -0.057404	 -6.680893	  4.097000	  4.211044
1184	  0.021347	 -0.063461	 -0.058472	 -6.649948	  4.108902	  4.249130
1189	  0.002655	 -0.072540	 -0.060074	 -6.673752	  4.075577	  4.261032
1194	 -0.013367	 -0.083755	 -0.060608	 -6.704697	  4.061295	  4.180099
1199	 -0.029922	 -0.097641	 -0.061142	 -6.740402	  4.044632	  4.156296
1204	 -0.035797	 -0.116333	 -0.065948	 -6.726120	  4.023209	  4.111069
1209	 -0.040070	 -0.130753	 -0.068085	 -6.699936	  4.001785	  4.022995
1214	 -0.037399	 -0.148911	 -0.075027	 -6.630905	  4.035110	  4.087265
1219	 -0.035797	 -0.155319	 -0.078232	 -6.597580	  3.985123	  4.103928
1224	 -0.029922	 -0.154785	 -0.078766	 -6.583298	  3.973221	  4.170578
1229	 -0.024582	 -0.151047	 -0.078766	 -6.545212	  3.935135	  4.192001
1235	 -0.018707	 -0.140366	 -0.077698	 -6.545212	  3.956558	  4.113449
1240	 -0.010162	 -0.130753	 -0.070755	 -6.542831	  3.956558	  4.134872
1245	 -0.002686	 -0.119537	 -0.064346	 -6.511887	  3.930374	  4.153915
1250	  0.006927	 -0.106720	 -0.055267	 -6.583298	  3.989883	  4.089645
1255	  0.019745	 -0.099777	 -0.048859	 -6.585678	  3.951797	  4.044418
1260	  0.032028	 -0.083755	 -0.047256	 -6.578537	  3.970840	  4.108688
1265	  0.044312	 -0.072540	 -0.042450	 -6.552353	  4.001785	  4.180099
1270	  0.054459	 -0.061859	 -0.034973	 -6.573776	  3.956558	  4.227707
1275	  0.059265	 -0.051712	 -0.030701	 -6.630905	  3.963699	  4.253891
1280	  0.064606	 -0.046371	 -0.030167	 -6.659470	  3.970840	  4.222946
1285	  0.068878	 -0.047974	 -0.028564	 -6.697556	  4.008926	  4.132492
1290	  0.076889	 -0.054916	 -0.030701	 -6.735641	  4.051773	  4.139633
1295	  0.081161	 -0.060791	 -0.035507	 -6.728500	  4.089859	  4.130112
1300	  0.085968	 -0.069870	 -0.039780	 -6.707077	  4.068436	  4.153915
1305	  0.088104	 -0.076279	 -0.045120	 -6.728500	  4.104141	  4.180099
1310	  0.087036	 -0.088562	 -0.049393	 -6.745163	  4.094620	  4.180099
1315	  0.083298	 -0.096573	 -0.056870	 -6.757065	  4.108902	  4.222946
1320	  0.077423	 -0.107788	 -0.063278	 -6.730881	  4.142227	  4.249130
1325	  0.072083	 -0.114731	 -0.068085	 -6.773727	  4.108902	  4.280075
1330	  0.066208	 -0.120071	 -0.070755	 -6.730881	  4.139847	  4.230087
1336	  0.059265	 -0.124344	 -0.072891	 -6.699936	  4.094620	  4.320541
1341	  0.054459	 -0.125412	 -0.075562	 -6.711838	  4.111282	  4.234848
1345	  0.052856	 -0.125412	 -0.077164	 -6.742783	  4.066055	  4.280075
1350	  0.053391	 -0.123276	 -0.078766	 -6.707077	  4.104141	  4.099167
1355	  0.060867	 -0.115799	 -0.076096	 -6.702316	  4.087479	  4.130112
1360	  0.071548	 -0.110992	 -0.073959	 -6.680893	  4.106522	  4.137253
1365	  0.081161	 -0.108856	 -0.076096	 -6.716599	  4.075577	  4.127731
1370	  0.091843	 -0.095505	 -0.074493	 -6.640427	  4.044632	  4.165817
1375	  0.104126	 -0.085892	 -0.070221	 -6.690414	  4.070816	  4.153915
1381	  0.112671	 -0.077347	 -0.069687	 -6.676132	  4.042252	  4.177719
1386	  0.123352	 -0.067734	 -0.067017	 -6.688034	  4.077957	  4.215805
1391	  0.129761	 -0.061325	 -0.066483	 -6.740402	  4.068436	  4.180099
1395	  0.135101	 -0.063995	 -0.065414	 -6.747543	  4.073196	  4.244370
1400	  0.136703	 -0.061325	 -0.061142	 -6.749924	  4.042252	  4.356247
1405	  0.136703	 -0.065063	 -0.059006	 -6.790390	  4.049393	  4.301498
1411	  0.132431	 -0.070404	 -0.058472	 -6.804672	  4.082718	  4.246750
1416	  0.132431	 -0.080017	 -0.058472	 -6.852280	  4.099380	  4.299118
1421	  0.127625	 -0.087494	 -0.060074	 -6.873703	  4.077957	  4.289597
1426	  0.121750	 -0.099777	 -0.060608	 -6.818954	  4.070816	  4.294357
1431	  0.114273	 -0.104584	 -0.062210	 -6.799911	  4.068436	  4.284836
1436	  0.106262	 -0.116333	 -0.061142	 -6.795151	  4.087479	  4.334824
1441	  0.097183	 -0.120605	 -0.060608	 -6.830856	  4.068436	  4.289597
1446	  0.088104	 -0.131287	 -0.058472	 -6.783249	  4.056534	  4.282455
1451	  0.080627	 -0.143570	 -0.057404	 -6.764206	  4.063675	  4.161057
1456	  0.080627	 -0.159058	 -0.053131	 -6.809433	  4.094620	  4.289597
1461	  0.075287	 -0.175613	 -0.054199	 -6.811813	  4.082718	  4.361008
1466	  0.068878	 -0.181488	 -0.050995	 -6.809433	  4.027969	  4.265793
1471	  0.067276	 -0.194305	 -0.048325	 -6.802292	  4.047012	  4.327682
1476	  0.063538	 -0.210861	 -0.045120	 -6.852280	  4.027969	  4.249130
1481	  0.061401	 -0.223145	 -0.041382	 -6.814194	  4.013687	  4.144394
1486	  0.067810	 -0.235962	 -0.039780	 -6.773727	  3.982742	  4.189621
1491	  0.074753	 -0.243973	 -0.034973	 -6.807053	  3.999405	  4.220566
1497	  0.081696	 -0.249847	 -0.028030	 -6.785629	  3.994644	  4.220566
1501	  0.087036	 -0.257324	 -0.025894	 -6.776108	  3.970840	  4.206284
1506	  0.097183	 -0.257324	 -0.022690	 -6.723740	  3.973221	  4.296738
1511	  0.102524	 -0.254120	 -0.015747	 -6.745163	  3.968460	  4.341965
1516	  0.110535	 -0.245575	 -0.010941	 -6.742783	  3.968460	  4.332443
1522	  0.114273	 -0.237564	 -0.009338	 -6.671371	  4.020828	  4.277695
1526	  0.120682	 -0.225281	 -0.000259	 -6.602341	  4.013687	  4.308640
1532	  0.129761	 -0.216202	  0.005081	 -6.599960	  4.056534	  4.230087
1537	  0.140442	 -0.199112	  0.014160	 -6.564255	  4.023209	  4.268173
1550	  0.147385	 -0.193771	  0.020569	 -6.564255	  4.056534	  4.315781
1551	  0.154327	 -0.183624	  0.025909	 -6.521408	  4.073196	  4.265793
1552	  0.157532	 -0.171341	  0.033920	 -6.504745	  4.058914	  4.299118
1558	  0.157532	 -0.168137	  0.037659	 -6.473801	  4.092239	  4.344345
1562	  0.161804	 -0.157990	  0.040863	 -6.452377	  4.116043	  4.253891
1567	  0.159668	 -0.151047	  0.043533	 -6.447617	  4.151749	  4.253891
1572	  0.154327	 -0.147308	  0.045135	 -6.419052	  4.135086	  4.268173
1577	  0.153793	 -0.146774	  0.042465	 -6.397629	  4.149368	  4.215805
1582	  0.153259	 -0.151047	  0.042465	 -6.407150	  4.173172	  4.289597
1587	  0.149521	 -0.150513	  0.034454	 -6.430954	  4.127945	  4.215805
1592	  0.142578	 -0.151047	  0.032318	 -6.369064	  4.101761	  4.206284
1597	  0.137772	 -0.157990	  0.025375	 -6.378586	  4.094620	  4.189621
1602	  0.134567	 -0.162796	  0.023239	 -6.400009	  4.108902	  4.246750
1607	  0.130829	 -0.169205	  0.017899	 -6.373825	  4.089859	  4.163437
1612	  0.129761	 -0.176147	  0.012558	 -6.380966	  4.161270	  4.213425
1617	  0.127090	 -0.182556	  0.010956	 -6.395248	  4.127945	  4.196762
1622	  0.121216	 -0.183624	  0.007751	 -6.376205	  4.175552	  4.263412
1627	  0.109467	 -0.185226	  0.004013	 -6.361923	  4.158890	  4.382431
1632	  0.095047	 -0.183624	  0.001343	 -6.414291	  4.144608	  4.368149
1637	  0.079025	 -0.178284	 -0.001328	 -6.407150	  4.182693	  4.308640
1643	  0.062469	 -0.178284	 -0.006668	 -6.416672	  4.227921	  4.277695
1648	  0.048584	 -0.179886	 -0.009872	 -6.397629	  4.187454	  4.265793
1652	  0.028824	 -0.184692	 -0.015213	 -6.366684	  4.249344	  4.284836
1657	  0.018143	 -0.189499	 -0.020554	 -6.438095	  4.196976	  4.237228
1662	  0.004257	 -0.192169	 -0.029099	 -6.402390	  4.185074	  4.146774
1667	 -0.005356	 -0.200714	 -0.041916	 -6.433334	  4.185074	  4.203903
1673	 -0.010696	 -0.206589	 -0.049393	 -6.395248	  4.175552	  4.175339
1678	 -0.013901	 -0.210861	 -0.058472	 -6.373825	  4.125565	  4.182480
1683	 -0.012833	 -0.207657	 -0.067551	 -6.361923	  4.077957	  4.230087
1688	 -0.010162	 -0.206055	 -0.068085	 -6.335739	  4.080338	  4.156296
1693	 -0.003754	 -0.195908	 -0.072357	 -6.323837	  4.027969	  3.953964
1698	  0.026154	 -0.179886	 -0.071823	 -6.269089	  4.020828	  4.032516
1703	  0.026154	 -0.179886	 -0.071823	 -6.290512	  4.004166	  4.049179
1708	  0.044846	 -0.161194	 -0.071823	 -6.352402	  3.937515	  4.008713
1713	  0.059265	 -0.140900	 -0.069687	 -6.300034	  3.939896	  4.092026
1718	  0.076889	 -0.102982	 -0.065414	 -6.359543	  3.930374	  4.208664
1723	  0.077957	 -0.082687	 -0.064346	 -6.411911	  3.863724	  4.249130
1728	  0.074219	 -0.069870	 -0.062744	 -6.411911	  3.899429	  4.194382
1733	  0.068878	 -0.056519	 -0.064346	 -6.419052	  3.939896	  4.237228
1738	  0.059265	 -0.042099	 -0.070755	 -6.499985	  3.925613	  4.215805
1744	  0.049652	 -0.036758	 -0.073959	 -6.519028	  3.930374	  4.163437
1748	  0.039505	 -0.023407	 -0.076096	 -6.540451	  3.894669	  4.172958
1753	  0.026688	 -0.016998	 -0.080902	 -6.557114	  3.849442	  4.180099
1758	  0.020813	 -0.000977	 -0.083572	 -6.511887	  3.828018	  4.118210
1763	  0.013336	  0.009171	 -0.086777	 -6.540451	  3.785172	  4.120590
1768	  0.012802	  0.023056	 -0.091583	 -6.495224	  3.797073	  4.096786
1773	  0.013336	  0.034805	 -0.093719	 -6.490463	  3.792313	  3.949203
1778	  0.019211	  0.051895	 -0.098526	 -6.485703	  3.782791	  3.911118
1783	  0.021347	  0.072189	 -0.097458	 -6.383347	  3.756607	  3.925400
1788	  0.022949	  0.088745	 -0.099594	 -6.395248	  3.720901	  3.873032
1794	  0.026688	  0.103699	 -0.095856	 -6.378586	  3.687576	  3.887314
1799	  0.026688	  0.108505	 -0.098526	 -6.366684	  3.632828	  3.861130
1803	  0.025620	  0.113312	 -0.101196	 -6.366684	  3.632828	  3.861130
1808	  0.016541	  0.105835	 -0.100662	 -6.328598	  3.678055	  3.758774
1813	  0.002655	  0.089279	 -0.110809	 -6.380966	  3.666153	  3.749252
1818	 -0.013367	  0.074860	 -0.118820	 -6.347641	  3.589981	  3.758774
1824	 -0.041672	  0.054565	 -0.123627	 -6.352402	  3.601883	  3.853989
1829	 -0.071045	  0.031067	 -0.134308	 -6.302414	  3.563797	  3.801620
1834	 -0.102020	  0.012375	 -0.144989	 -6.319077	  3.513809	  3.873032
1839	 -0.137268	 -0.013260	 -0.153000	 -6.380966	  3.535233	  3.913498
1844	 -0.176788	 -0.030884	 -0.173828	 -6.350021	  3.511429	  3.880173
1849	 -0.209366	 -0.047440	 -0.193054	 -6.300034	  3.437637	  3.956345
1854	 -0.244080	 -0.063995	 -0.213348	 -6.290512	  3.387650	  3.792099
1859	 -0.274521	 -0.067734	 -0.237381	 -6.247665	  3.366226	  3.804001
1864	 -0.299088	 -0.072540	 -0.258743	 -6.157211	  3.287674	  3.687363
1869	 -0.322052	 -0.066132	 -0.275299	 -6.102463	  3.251968	  3.782578
1874	 -0.342880	 -0.057587	 -0.289719	 -5.995346	  3.123428	  3.734970
1879	 -0.359436	 -0.044235	 -0.300934	 -5.966782	  3.097244	  3.706406
1884	 -0.376526	 -0.026077	 -0.310547	 -5.916794	  2.980606	  3.763535
1889	 -0.390945	 -0.005783	 -0.313217	 -5.904892	  2.940140	  3.758774
1894	 -0.409103	  0.013977	 -0.314819	 -5.852524	  2.856827	  3.754013
1899	 -0.431000	  0.033203	 -0.321762	 -5.828720	  2.778275	  3.746872
1904	 -0.447021	  0.047089	 -0.326035	 -5.802536	  2.749710	  3.644516
1909	 -0.461975	  0.062576	 -0.334579	 -5.757309	  2.666397	  3.570724
1914	 -0.476929	  0.065781	 -0.344193	 -5.740646	  2.604507	  3.580246
1919	 -0.488678	  0.068985	 -0.358078	 -5.783493	  2.544998	  3.615952
1924	 -0.507370	  0.064713	 -0.374634	 -5.747787	  2.502151	  3.684982
1929	 -0.534607	  0.057770	 -0.393326	 -5.700180	  2.473587	  3.673080
1934	 -0.559708	  0.042282	 -0.416290	 -5.628769	  2.442642	  3.630234
1939	 -0.589081	  0.033203	 -0.440323	 -5.578781	  2.326004	  3.646896
1945	 -0.624329	  0.019852	 -0.465958	 -5.559738	  2.304581	  3.649277
1950	 -0.656372	  0.013977	 -0.494263	 -5.535934	  2.268875	  3.618332
1955	 -0.687347	  0.002228	 -0.527374	 -5.476425	  2.242691	  3.482651
1960	 -0.718857	  0.002762	 -0.559952	 -5.433578	  2.197464	  3.542160
1965	 -0.749832	  0.010239	 -0.593597	 -5.371689	  2.178421	  3.563583
1970	 -0.786148	  0.019318	 -0.627243	 -5.288376	  2.061783	  3.575485
1975	 -0.824600	  0.041748	 -0.658752	 -5.274094	  1.949905	  3.680222
1980	 -0.864655	  0.061508	 -0.689194	 -5.264572	  1.904678	  3.630234
1985	 -0.906311	  0.083939	 -0.721771	 -5.262192	  1.818985	  3.549301
1990	 -0.943161	  0.102097	 -0.752747	 -5.231247	  1.828506	  3.423141
1995	 -0.973068	  0.113846	 -0.783188	 -5.197922	  1.780899	  3.301743
2001	 -0.999237	  0.122925	 -0.813629	 -5.209824	  1.676163	  3.396957
2005	 -1.027542	  0.136810	 -0.836060	 -5.171738	  1.490494	  3.437424
2010	 -1.054245	  0.150162	 -0.861694	 -5.205063	  1.438126	  3.294601
2015	 -1.074005	  0.161377	 -0.886261	 -5.159836	  1.400040	  3.189865
2034	 -1.088959	  0.169922	 -0.909760	 -5.200302	  1.328629	  3.185104
2035	 -1.106583	  0.174728	 -0.933258	 -5.178879	  1.252457	  3.230331
2035	 -1.125275	  0.175262	 -0.959427	 -5.152695	  1.121536	  3.201767
2036	 -1.146637	  0.181137	 -0.982391	 -5.171738	  1.035843	  3.330307
2040	 -1.172806	  0.190750	 -1.008560	 -5.190781	  0.954910	  3.270798
2046	 -1.202713	  0.201431	 -1.038467	 -5.197922	  0.912064	  3.075607
2052	 -1.221405	  0.222794	 -1.072113	 -5.183640	  0.845413	  2.970871
2055	 -1.241699	  0.231339	 -1.113770	 -5.252670	  0.774002	  2.813766
2060	 -1.259323	  0.250565	 -1.157028	 -5.278854	  0.704971	  2.880417
2067	 -1.281754	  0.274063	 -1.201355	 -5.302658	  0.555008	  2.763779
2070	 -1.306854	  0.293823	 -1.245682	 -5.312180	  0.521683	  2.723312
2075	 -1.337830	  0.306641	 -1.282532	 -5.340744	  0.443130	  2.737595
2080	 -1.384827	  0.319458	 -1.319382	 -5.435959	  0.407425	  2.920883
2086	 -1.446777	  0.330673	 -1.348755	 -5.535934	  0.276505	  3.161301
2090	 -1.525284	  0.340286	 -1.378128	 -5.569260	  0.100357	  3.313644
2096	 -1.618744	  0.352570	 -1.402161	 -5.666855	  0.009903	  3.406479
2101	 -1.724487	  0.355774	 -1.422989	 -5.797775	 -0.113876	  3.320786
2106	 -1.835037	  0.354706	 -1.444351	 -5.864426	 -0.197189	  3.292221
2111	 -1.947189	  0.352570	 -1.465714	 -5.978683	 -0.344772	  3.235092
2116	 -2.052933	  0.341888	 -1.488678	 -6.154831	 -0.485214	  2.930405
2120	 -2.151199	  0.314651	 -1.516983	 -6.342880	 -0.582809	  2.747116
2126	 -2.242523	  0.272461	 -1.551697	 -6.380966	 -0.742294	  2.568588
2131	 -2.331177	  0.228668	 -1.581604	 -6.473801	 -0.935104	  2.459091
2136	 -2.412354	  0.181137	 -1.613113	 -6.557114	 -1.180283	  2.461472
2141	 -2.490860	  0.141617	 -1.645157	 -6.557114	 -1.382614	  2.316269
2147	 -2.565094	  0.108505	 -1.672394	 -6.616623	 -1.520676	  2.085373
2151	 -2.631317	  0.083405	 -1.701767	 -6.642807	 -1.665878	  1.906845
2156	 -2.685257	  0.073792	 -1.730072	 -6.668991	 -1.844406	  1.711655
2161	 -2.729050	  0.078064	 -1.754639	 -6.780869	 -2.025314	  1.552170
2166	 -2.765366	  0.103165	 -1.780273	 -6.821335	 -2.301437	  1.390305
2171	 -2.802750	  0.144287	 -1.808044	 -6.904648	 -2.553757	  1.418869
2176	 -2.843338	  0.205170	 -1.831543	 -7.099838	 -2.756088	  1.518845
2181	 -2.897278	  0.275131	 -1.853439	 -7.304550	 -2.996506	  1.580734
2186	 -2.961365	  0.337616	 -1.873734	 -7.473557	 -3.186935	  1.649765
2191	 -3.045746	  0.396362	 -1.888153	 -7.702072	 -3.346420	  1.883041
2196	 -3.145615	  0.450836	 -1.895630	 -7.932968	 -3.608261	  2.047287
2202	 -3.266312	  0.499435	 -1.905243	 -8.361435	 -3.905807	  1.918747
2206	 -3.394485	  0.524002	 -1.911118	 -8.666122	 -4.115280	  1.642624
2211	 -3.522125	  0.527206	 -1.918060	 -8.844650	 -4.358078	  1.254623
2216	 -3.640686	  0.510651	 -1.923401	 -9.208847	 -4.569931	  0.864243
2221	 -3.750168	  0.472733	 -1.930878	 -9.489731	 -4.779404	  0.431015
2226	 -3.848434	  0.423065	 -1.943161	 -9.720627	 -5.093613	  0.150131
2232	 -3.936554	  0.370193	 -1.950104	 -9.870590	 -5.353073	 -0.059341
2236	 -4.017197	  0.324265	 -1.952240	-10.003891	 -5.638718	 -0.304520
2242	 -4.087692	  0.284744	 -1.947968	-10.101486	 -5.907700	 -0.587784
2247	 -4.153381	  0.261246	 -1.937286	-10.151474	 -6.140976	 -0.847244
2252	 -4.201981	  0.249496	 -1.919128	-10.239548	 -6.514694	 -1.132889
2257	 -4.246307	  0.253235	 -1.891357	-10.477585	 -6.876511	 -1.240005
2262	 -4.285828	  0.287415	 -1.862518	-10.701340	 -7.188339	 -1.332840
2267	 -4.328552	  0.354172	 -1.835815	-10.867966	 -7.471603	 -1.294754
2272	 -4.373947	  0.444962	 -1.803772	-11.008408	 -7.714401	 -1.392349
2277	 -4.424683	  0.559250	 -1.770126	-11.251205	 -7.904831	 -1.487564
2282	 -4.480759	  0.687424	 -1.730072	-11.524948	 -8.033371	 -1.542313
2287	 -4.543243	  0.820938	 -1.693756	-11.870102	 -8.147629	 -1.725601
2292	 -4.611603	  0.944305	 -1.652634	-12.224777	 -8.211899	 -2.035049
2297	 -4.683701	  1.040970	 -1.613113	-12.741318	 -8.357101	 -2.446854
2302	 -4.754196	  1.107727	 -1.581604	-13.281662	 -8.535629	 -2.784866
2307	 -4.827362	  1.147781	 -1.553299	-13.783920	 -8.654648	 -3.344254
2312	 -4.893585	  1.157928	 -1.529266	-14.114792	 -8.723679	 -3.894119
2317	 -4.944321	  1.122681	 -1.506302	-14.350449	 -8.747482	 -4.527298
2322	 -4.992920	  1.053787	 -1.469452	-14.545639	 -8.956955	 -5.060501
2327	 -5.034576	  0.958191	 -1.428864	-14.762253	 -9.242599	 -5.210464
2332	 -5.085846	  0.844971	 -1.375458	-14.845566	 -9.506821	 -5.243790
2337	 -5.234314	  0.639893	 -1.245148	-14.952682	 -9.749619	 -5.127151
2342	 -5.324570	  0.576340	 -1.174652	-15.078842	 -9.928146	 -5.053360
2348	 -5.425507	  0.555511	 -1.107895	-15.262131	-10.106674	 -4.981949
2352	 -5.534454	  0.562454	 -1.034729	-15.421616	-10.268539	 -4.767715
2357	 -5.661026	  0.600372	 -0.954620	-15.454941	-10.487534	 -4.458267
2362	 -5.798813	  0.651642	 -0.865967	-15.595383	-10.777939	 -4.224991
2367	 -5.944611	  0.699173	 -0.783188	-15.852463	-10.980270	 -4.148819
2372	 -6.094147	  0.729080	 -0.709488	-16.180954	-11.156418	 -4.046463
2378	 -6.233536	  0.735489	 -0.640594	-16.376144	-11.258774	 -4.120255
2383	 -6.366516	  0.700775	 -0.579712	-16.640366	-11.211166	 -4.274979
2388	 -6.477066	  0.646835	 -0.536987	-17.230698	-11.208786	 -4.467789
2393	 -6.571060	  0.539490	 -0.501205	-17.642502	-11.325424	 -4.843887
2398	 -6.643158	  0.383545	 -0.459549	-17.897202	-11.396835	 -5.115250
2403	 -6.703506	  0.185410	 -0.407745	-18.592270	-11.787216	 -5.193802
2408	 -6.752640	 -0.036224	 -0.350067	-18.592270	-11.787216	 -5.193802
2413	 -6.803909	 -0.273346	 -0.279572	-18.944565	-11.996689	 -4.934341
2418	 -6.848770	 -0.519012	 -0.190384	-19.106430	-12.163315	 -4.741531
2423	 -6.887222	 -0.759338	 -0.085709	-19.218307	-12.225204	 -4.472549
2428	 -6.925140	 -0.984711	  0.040329	-19.387314	-12.210922	 -4.077408
2433	 -6.964661	 -1.194061	  0.176514	-19.549179	-12.077621	 -3.494217
2438	 -7.014328	 -1.388458	  0.331924	-19.539658	-11.980026	 -2.044571
2443	 -7.069336	 -1.572708	  0.504425	-19.622971	-11.910995	 -1.501846
2449	 -7.115265	 -1.738266	  0.684937	-19.651535	-11.906235	 -1.394730
2453	 -7.146240	 -1.913437	  0.869186	-19.642014	-11.811020	 -1.101944
2458	 -7.155319	 -2.084335	  1.065720	-19.770554	-11.808640	 -0.901993
2463	 -7.144104	 -2.245087	  1.263855	-19.737228	-11.891953	 -0.694901
2468	 -7.111526	 -2.409042	  1.460922	-19.730087	-11.984787	 -0.361649
2473	 -7.058121	 -2.566055	  1.657455	-19.856247	-12.096664	 -0.259293
2478	 -6.974808	 -2.723602	  1.846512	-19.934799	-12.196640	 -0.290237
2483	 -6.857849	 -2.876877	  2.031296	-19.977646	-12.301376	 -0.590164
2488	 -6.701904	 -3.040298	  2.213409	-19.965744	-12.275192	 -0.692520
2494	 -6.513382	 -3.199982	  2.389114	-19.927658	-12.313278	 -0.711563
2499	 -6.297089	 -3.362869	  2.566956	-19.960983	-12.210922	 -0.537796
2504	 -6.060501	 -3.508667	  2.731979	-19.934799	-12.144272	 -0.328323
2508	 -5.816971	 -3.659271	  2.892197	-19.834824	-12.132370	 -0.228348
2513	 -5.557953	 -3.802399	  3.049744	-19.780075	-12.175217	  0.093002
2519	 -5.305878	 -3.940186	  3.199280	-20.177597	-12.639389	  0.945175
2524	 -5.069290	 -4.070496	  3.329056	-19.394455	-12.018112	  1.445053
2528	 -4.842850	 -4.171432	  3.486069	-19.061203	-11.720566	  1.821152
2533	 -4.623886	 -4.268631	  3.645752	-19.301620	-11.732468	  1.997299
2539	 -4.402786	 -4.357285	  3.788345	-19.392075	-11.851486	  1.849716
2557	 -4.167267	 -4.433121	  3.922394	-19.225449	-12.010971	  1.737839
2558	 -3.916794	 -4.495071	  4.052170	-19.004074	-12.056198	  1.566452
2559	 -3.657242	 -4.550079	  4.184082	-18.849350	-11.968124	  1.333176
2560	 -3.382202	 -4.583725	  4.309052	-18.608932	-11.925278	  1.195114
2564	 -3.102356	 -4.608292	  4.421204	-18.439926	-11.882431	  1.192734
2569	 -2.820374	 -4.615234	  4.517868	-18.339951	-11.822922	  1.302231
2574	 -2.542130	 -4.602951	  4.602249	-18.201889	-11.789597	  1.292709
2579	 -2.267624	 -4.561829	  4.679153	-17.963852	-11.856247	  1.383163
2584	 -1.999527	 -4.497742	  4.748047	-17.811508	-11.822922	  1.433151
2589	 -1.737305	 -4.410690	  4.814804	-17.533005	-11.670578	  1.442673
2594	 -1.489502	 -4.318832	  4.873550	-17.273544	-11.575363	  1.606918
2599	 -1.258789	 -4.224304	  4.937103	-17.095016	-11.484909	  1.840195
2604	 -1.047302	 -4.134048	  4.996918	-16.856979	-11.377792	  1.983017
2609	 -0.854507	 -4.050735	  5.054596	-16.707016	-11.254013	  2.073471
2614	 -0.672394	 -3.978104	  5.104263	-16.521347	-10.932663	  1.987778
2619	 -0.500427	 -3.924164	  5.143250	-16.311874	-10.720810	  1.947311
2624	 -0.341812	 -3.889984	  5.173157	-16.171432	-10.518478	  2.111557
2629	 -0.197083	 -3.874496	  5.193451	-16.045273	-10.439926	  2.318649
2634	 -0.073181	 -3.877167	  5.198792	-15.931015	-10.444687	  2.570969
2639	  0.033096	 -3.878769	  5.188110	-15.771530	-10.413742	  2.723312
2645	  0.128693	 -3.895859	  5.161942	-15.685837	-10.311386	  2.639999
2650	  0.217346	 -3.920425	  5.117081	-15.464462	-10.118576	  2.575729
2654	  0.315613	 -3.964752	  5.060471	-14.978867	 -9.794846	  2.249619
2660	  0.422424	 -4.027237	  5.004929	-14.452805	 -9.554428	  2.013962
2664	  0.538849	 -4.091858	  4.956863	-14.043381	 -9.349716	  1.816391
2670	  0.664886	 -4.153809	  4.907196	-13.755356	 -9.437790	  1.783066
2675	  0.788254	 -4.216827	  4.855392	-13.476852	 -9.544907	  1.847336
2680	  0.904678	 -4.275040	  4.806793	-13.231674	 -9.597275	  1.906845
2685	  1.013092	 -4.319366	  4.752319	-12.829391	 -9.480637	  1.949692
2690	  1.114563	 -4.370102	  4.702652	-12.367599	 -9.404465	  2.016342
2695	  1.210159	 -4.415497	  4.657257	-11.951035	 -9.294968	  1.963974
2700	  1.308426	 -4.471039	  4.617737	-11.491623	 -9.292587	  1.775925
2705	  1.408829	 -4.516434	  4.578751	-10.956039	 -9.078354	  1.725937
2710	  1.510300	 -4.553818	  4.542969	-10.515671	 -8.797470	  1.711655
2715	  1.618179	 -4.579453	  4.501846	-10.096725	 -8.480881	  1.787827
2720	  1.721786	 -4.590134	  4.454315	 -9.680161	 -8.311874	  1.797348
2725	  1.824860	 -4.586395	  4.399307	 -9.339767	 -8.180954	  1.937790
2730	  1.920990	 -4.574646	  4.335754	 -9.127914	 -8.054794	  1.944931
2735	  2.008041	 -4.551147	  4.259918	 -8.963669	 -7.883408	  1.873520
2740	  2.094559	 -4.514297	  4.166458	 -9.473068	 -7.659653	  1.573593
2745	  2.183212	 -4.475311	  4.038818	 -8.389999	 -7.623947	  1.447433
2751	  2.260651	 -4.477982	  3.945358	 -6.730881	 -7.662033	  2.049667
2755	  2.308182	 -4.490265	  3.913849	 -6.154831	 -7.616806	  2.637619
2760	  2.327942	 -4.496140	  3.887146	 -5.890610	 -7.500168	  2.992294
2765	  2.339691	 -4.488129	  3.856705	 -5.521652	 -7.462082	  2.780441
2770	  2.354111	 -4.477448	  3.816116	 -5.352646	 -7.385910	  2.456711
2775	  2.384018	 -4.472641	  3.755768	 -5.257431	 -7.200241	  2.232956
2780	  2.426208	 -4.469971	  3.667648	 -4.893234	 -7.000290	  2.223434
2786	  2.473740	 -4.473175	  3.567780	 -4.600449	 -6.790817	  2.299606
2790	  2.526611	 -4.467834	  3.456161	 -4.321945	 -6.626572	  2.225815
2795	  2.582687	 -4.466766	  3.339737	 -4.026779	 -6.502792	  2.090134
2801	  2.642502	 -4.475311	  3.215302	 -3.634018	 -6.433762	  1.887802
2806	  2.703918	 -4.482788	  3.097809	 -3.136520	 -6.290939	  1.913986
2811	  2.763199	 -4.504150	  2.982452	 -2.746140	 -6.095749	  1.944931
2816	  2.810196	 -4.531921	  2.870300	 -2.327194	 -5.779160	  2.130600
2821	  2.850250	 -4.563431	  2.764557	 -2.012985	 -5.419724	  2.109177
2826	  2.888168	 -4.587463	  2.654541	 -1.696396	 -5.107895	  1.923508
2831	  2.922882	 -4.624313	  2.542923	 -1.570236	 -4.943649	  1.749741
2836	  2.964539	 -4.652084	  2.432907	 -1.370285	 -4.843674	  1.664047
2841	  3.004059	 -4.683060	  2.316483	 -1.170334	 -4.784164	  1.595016
2846	  3.041443	 -4.709763	  2.204330	 -0.760910	 -4.715134	  1.595016
2851	  3.075623	 -4.731125	  2.104462	 -0.506210	 -4.622299	  1.506943
2856	  3.104996	 -4.752487	  2.010468	 -0.218185	 -4.503281	  1.387924
2861	  3.132233	 -4.765305	  1.923950	  0.093643	 -4.498520	  1.295090
2866	  3.159470	 -4.772247	  1.843842	  0.486404	 -4.334274	  1.273666
2871	  3.176559	 -4.772781	  1.774414	  0.772049	 -4.077194	  1.185593
2876	  3.200592	 -4.764236	  1.706055	  0.991043	 -3.858200	  1.009445
2881	  3.224091	 -4.740204	  1.640366	  1.179092	 -3.679672	  0.847580
2886	  3.246521	 -4.713501	  1.573608	  1.360001	 -3.529709	  0.714279
2891	  3.265213	 -4.693207	  1.504181	  1.498062	 -3.358322	  0.773788
2896	  3.280701	 -4.667038	  1.433151	  1.662308	 -3.177414	  0.573837
2901	  3.292984	 -4.634460	  1.359985	  1.783707	 -2.984604	  0.464340
2907	  3.302063	 -4.613098	  1.289490	  1.940811	 -2.858444	  0.242966
2911	  3.305801	 -4.589066	  1.219528	  2.116959	 -2.758469	  0.178696
2916	  3.309006	 -4.567169	  1.152237	  2.205032	 -2.708481	  0.252487
2921	  3.301529	 -4.549545	  1.089752	  2.290726	 -2.610886	  0.240585
2926	  3.287643	 -4.524445	  1.025131	  2.383560	 -2.558517	  0.150131
2931	  3.266815	 -4.503082	  0.965317	  2.485916	 -2.539474	  0.040634
2936	  3.237976	 -4.488663	  0.903366	  2.478775	 -2.472824	 -0.037918
2941	  3.207001	 -4.483322	  0.838211	  2.550186	 -2.368088	 -0.059341
2946	  3.171219	 -4.483856	  0.771454	  2.650162	 -2.194321	 -0.275955
2952	  3.134903	 -4.497742	  0.701492	  2.778702	 -2.084824	 -0.528275
2957	  3.082031	 -4.576782	  0.555161	  2.828690	 -1.877731	 -0.890091
2962	  3.066010	 -4.641937	  0.465439	  2.878677	 -1.706345	 -1.240005
2967	  3.054794	 -4.715103	  0.365570	  2.912003	 -1.563522	 -1.518509
2972	  3.047852	 -4.787201	  0.261429	  2.938187	 -1.408798	 -1.673233
2977	  3.037704	 -4.844879	  0.151413	  2.952469	 -1.285019	 -1.692276
2982	  3.030762	 -4.887070	  0.031250	  2.916763	 -1.189804	 -1.896988
2987	  3.024887	 -4.915375	 -0.091049	  2.981033	 -1.082687	 -1.973160
2992	  3.006195	 -4.929260	 -0.209076	  3.076248	 -1.054123	 -1.999344
2997	  2.982697	 -4.927124	 -0.324432	  3.200027	 -0.999374	 -1.875565
3003	  2.946915	 -4.913773	 -0.437653	  3.085770	 -0.963669	 -1.825577
3007	  2.899918	 -4.898285	 -0.549271	  3.047684	 -1.037460	 -1.839859
3021	  2.847046	 -4.875854	 -0.656082	  3.104813	 -1.092209	 -1.873184
3022	  2.790970	 -4.854492	 -0.757553	  2.990555	 -1.154099	 -1.816055
3023	  2.735962	 -4.834732	 -0.864899	  2.845352	 -1.123154	 -2.023148
3028	  2.683090	 -4.816574	 -0.971710	  2.778702	 -1.080307	 -2.199295
3032	  2.628616	 -4.809097	 -1.076385	  2.764420	 -0.994614	 -2.344498
3037	  2.577347	 -4.789337	 -1.178925	  2.690628	 -0.923203	 -2.473038
3042	  2.518600	 -4.777588	 -1.282532	  2.633499	 -0.901779	 -2.527786
3047	  2.461990	 -4.767975	 -1.385605	  2.509720	 -0.877975	 -2.649185
3053	  2.403244	 -4.776520	 -1.490814	  2.400223	 -0.820847	 -2.861038
3057	  2.344498	 -4.815506	 -1.605637	  2.007462	 -0.568527	 -3.632278
3062	  2.288956	 -4.875854	 -1.725800	  1.793228	 -0.511398	 -3.944107
3067	  2.234482	 -4.952759	 -1.852371	  1.555191	 -0.370956	 -4.294022
3072	  2.172531	 -5.035538	 -1.983215	  1.345718	 -0.323349	 -4.453506
3077	  2.103638	 -5.127396	 -2.114594	  1.095779	 -0.323349	 -4.677261
3082	  2.020859	 -5.209106	 -2.247040	  0.793472	 -0.370956	 -4.705826
3088	  1.929001	 -5.276932	 -2.380554	  0.476883	 -0.489975	 -4.765335
3093	  1.815247	 -5.333542	 -2.503387	  0.284073	 -0.535202	 -4.696304
3098	  1.690811	 -5.380005	 -2.619812	  0.157913	 -0.611374	 -4.532059
3103	  1.541275	 -5.423798	 -2.725021	  0.150772	 -0.713730	 -4.239273
3108	  1.363968	 -5.451035	 -2.816345	 -0.046799	 -0.694687	 -3.844131
3113	  1.167969	 -5.461182	 -2.904465	 -0.291977	 -0.778000	 -3.670364
3118	  0.954880	 -5.459579	 -2.986710	 -0.375290	 -0.770859	 -3.494217
3123	  0.729507	 -5.467056	 -3.065216	 -0.465744	 -0.747055	 -3.399002
3128	  0.497726	 -5.483612	 -3.140518	 -0.775192	 -0.730392	 -3.525162
3133	  0.277161	 -5.496964	 -3.227036	 -1.303635	 -0.692307	 -3.698929
3138	  0.068878	 -5.507645	 -3.350403	 -2.003464	 -0.713730	 -3.901260
3143	 -0.115906	 -5.494293	 -3.505814	 -2.684250	 -0.625656	 -4.098831
3148	 -0.273453	 -5.443558	 -3.692734	 -3.224594	 -0.454269	 -4.360672
3154	 -0.405899	 -5.351166	 -3.901550	 -3.564987	 -0.375717	 -4.477310
3158	 -0.520187	 -5.226730	 -4.113571	 -3.719711	 -0.380478	 -4.601089
3163	 -0.619522	 -5.064377	 -4.310638	 -3.819687	 -0.468552	 -4.555862
3168	 -0.710312	 -4.868378	 -4.478333	 -3.891098	 -0.701828	 -4.496353
3173	 -0.795227	 -4.661163	 -4.613449	 -3.848251	 -1.013657	 -4.432083
3178	 -0.873734	 -4.458221	 -4.698364	 -3.614975	 -1.863449	 -3.889359
3183	 -0.960785	 -4.260086	 -4.742157	 -4.410019	 -1.637314	 -4.836746
3189	 -1.021133	 -4.076904	 -4.770462	 -3.914902	 -1.972946	 -5.074783
3193	 -1.070267	 -3.966354	 -4.764053	 -3.788742	 -2.560898	 -4.915298
3198	 -1.131149	 -3.897995	 -4.735748	 -4.107712	 -3.213120	 -4.667740
3203	 -1.202179	 -3.841919	 -4.702637	 -4.657578	 -3.882004	 -4.251175
3209	 -1.299911	 -3.792252	 -4.696762	 -5.438339	 -4.281906	 -3.984573
3214	 -1.405655	 -3.727631	 -4.728271	 -6.276230	 -4.322372	 -3.815567
3218	 -1.517807	 -3.643784	 -4.800903	 -7.014145	 -4.072433	 -3.677505
3224	 -1.628891	 -3.532166	 -4.912521	 -7.666367	 -3.827255	 -3.648941
3229	 -1.740509	 -3.403458	 -5.046570	 -8.092453	 -3.682053	 -3.713211
3234	 -1.841980	 -3.264603	 -5.193970	 -8.337631	 -3.670151	 -3.753677
3239	 -1.934906	 -3.116135	 -5.334427	 -8.589951	 -3.653488	 -3.879837
3243	 -2.018219	 -2.957520	 -5.464737	 -8.813705	 -3.779648	 -3.939346
3248	 -2.089249	 -2.803177	 -5.574753	 -8.849411	 -4.139084	 -4.022659
3254	 -2.154938	 -2.668594	 -5.653793	 -8.768478	 -4.581833	 -4.146439
3259	 -2.220627	 -2.562317	 -5.690643	 -8.668503	 -5.157883	 -4.279739
3264	 -2.286850	 -2.489151	 -5.691177	 -8.387619	 -5.857712	 -4.165482
3269	 -2.359482	 -2.442688	 -5.648453	 -8.461411	 -6.519455	 -4.167862
3274	 -2.443863	 -2.428268	 -5.587036	 -8.547104	 -7.214523	 -3.965530
3279	 -2.530914	 -2.411713	 -5.521881	 -8.642319	 -7.916733	 -3.853653
3284	 -2.621170	 -2.393555	 -5.443909	 -8.756577	 -8.590378	 -3.889359
3289	 -2.701813	 -2.362579	 -5.365936	 -9.177902	 -9.106918	 -4.010757
3294	 -2.776047	 -2.299026	 -5.303452	 -9.780136	 -9.397324	 -4.146439
3299	 -2.835327	 -2.223190	 -5.253784	-10.156235	 -9.544907	 -4.172623
3304	 -2.891403	 -2.129196	 -5.219604	-10.360947	 -9.654404	 -4.032181
3309	 -2.957092	 -2.027725	 -5.186493	-10.401413	 -9.690109	 -3.551346
3314	 -3.043610	 -1.911835	 -5.154449	-10.765610	 -9.630600	 -3.051468
3319	 -3.153091	 -1.776718	 -5.132019	-11.470200	 -9.575851	 -2.718216
3324	 -3.275391	 -1.635193	 -5.135757	-12.272385	 -9.749619	 -2.620621
3329	 -3.413712	 -1.500076	 -5.169937	-12.691330	-10.109055	 -2.715836
3334	 -3.555237	 -1.393265	 -5.209457	-12.948410	-10.556564	 -2.794388
3339	 -3.702103	 -1.323837	 -5.235092	-13.198349	-10.882675	 -2.761063
3344	 -3.852707	 -1.285919	 -5.257523	-13.553024	-11.111191	 -2.891983
3349	 -4.000641	 -1.275238	 -5.273010	-13.917221	-11.270676	 -3.234756
3355	 -4.129349	 -1.292862	 -5.291168	-14.098129	-11.558701	 -3.682266
3359	 -4.237228	 -1.324371	 -5.295441	-14.069565	-12.065720	 -4.084549
3364	 -4.321075	 -1.372971	 -5.270340	-13.674423	-12.710800	 -4.517776
3369	 -4.385696	 -1.429581	 -5.214798	-13.403061	-13.372543	 -4.665359
3374	 -4.439102	 -1.473907	 -5.128281	-13.300705	-14.012863	 -4.665359
3379	 -4.497314	 -1.495804	 -5.033218	-13.403061	-14.469894	 -4.558243
3385	 -4.556595	 -1.478180	 -4.939224	-13.448288	-14.812668	 -4.277359
3390	 -4.618011	 -1.403946	 -4.857513	-13.560165	-15.031662	 -4.194046
3394	 -4.685303	 -1.286987	 -4.780075	-13.714890	-15.093552	 -3.998856
3399	 -4.751526	 -1.143326	 -4.718658	-13.979111	-15.000717	 -3.906021
3405	 -4.821487	 -0.977234	 -4.675400	-14.421860	-14.993576	 -3.996475
3410	 -4.889313	 -0.800995	 -4.650299	-14.828903	-15.134018	 -4.010757
3415	 -4.955002	 -0.630096	 -4.639084	-15.221664	-15.455368	 -4.170242
3420	 -5.029236	 -0.472015	 -4.638016	-15.650131	-15.793381	 -4.422562
3425	 -5.103470	 -0.342239	 -4.646561	-16.054794	-16.109970	 -4.684402
3430	 -5.186249	 -0.245041	 -4.656708	-16.418991	-16.371811	 -5.048599
3435	 -5.266357	 -0.187897	 -4.665253	-16.735580	-16.705063	 -5.541336
3440	 -5.345932	 -0.183090	 -4.665787	-16.742722	-17.062119	 -6.038834
