286	  0.079025	  0.095154	  0.067566	  6.849136	  3.635208	  6.524765
289	  0.058197	  0.095154	  0.068100	  6.839615	  3.597122	  6.500961
294	  0.044846	  0.097824	  0.077179	  6.849136	  3.644730	  6.539047
299	  0.030426	  0.097290	  0.085724	  6.868179	  3.589981	  6.412888
304	  0.022949	  0.102631	  0.095337	  6.915787	  3.578079	  6.391464
309	  0.016006	  0.113312	  0.105484	  6.861038	  3.578079	  6.481918
314	  0.011734	  0.123459	  0.114029	  6.801529	  3.516190	  6.486679
319	  0.010666	  0.137878	  0.119370	  6.806290	  3.568558	  6.496201
324	  0.006927	  0.147491	  0.121506	  6.775345	  3.516190	  6.505722
329	  0.001587	  0.154968	  0.122574	  6.737259	  3.592361	  6.439072
334	  0.001587	  0.160843	  0.120972	  6.639664	  3.528091	  6.443832
340	 -0.001083	  0.168320	  0.115631	  6.677750	  3.463821	  6.408127
344	  0.000519	  0.177933	  0.108688	  6.670609	  3.397171	  6.405746
349	  0.005859	  0.184341	  0.100677	  6.661087	  3.451920	  6.443832
354	  0.013870	  0.192352	  0.093201	  6.699173	  3.492386	  6.386703
359	  0.023483	  0.199295	  0.089996	  6.768204	  3.492386	  6.405746
364	  0.037903	  0.208908	  0.085724	  6.732498	  3.501907	  6.367661
369	  0.050720	  0.217987	  0.081451	  6.720596	  3.475723	  6.412888
374	  0.060867	  0.226532	  0.077179	  6.713455	  3.566177	  6.498581
379	  0.072083	  0.237213	  0.069168	  6.644424	  3.563797	  6.431931
385	  0.080627	  0.237747	  0.065430	  6.670609	  3.544754	  6.441452
389	  0.085968	  0.237747	  0.062225	  6.687271	  3.561417	  6.450974
394	  0.089706	  0.230270	  0.064362	  6.699173	  3.599503	  6.517624
399	  0.087570	  0.223328	  0.064362	  6.646805	  3.561417	  6.531906
404	  0.081696	  0.212112	  0.064362	  6.684891	  3.623306	  6.446213
411	  0.073685	  0.195023	  0.066498	  6.665848	  3.599503	  6.496201
415	  0.065140	  0.179535	  0.070770	  6.596817	  3.651871	  6.498581
420	  0.057129	  0.162445	  0.065964	  6.594437	  3.675674	  6.462875
425	  0.050186	  0.142151	  0.063293	  6.525406	  3.697098	  6.422409
430	  0.047516	  0.124527	  0.056351	  6.582535	  3.697098	  6.455734
435	  0.046448	  0.109039	  0.050476	  6.584915	  3.692337	  6.508102
440	  0.042175	  0.093552	  0.047272	  6.625381	  3.642349	  6.505722
445	  0.042709	  0.082870	  0.044067	  6.630142	  3.628067	  6.441452
450	  0.042175	  0.073257	  0.047272	  6.627762	  3.594742	  6.496201
455	  0.041641	  0.062576	  0.047806	  6.651566	  3.632828	  6.493820
460	  0.041641	  0.059906	  0.051544	  6.623001	  3.628067	  6.560471
464	  0.037903	  0.055099	  0.054749	  6.644424	  3.616165	  6.553329
470	  0.037369	  0.050293	  0.057953	  6.663467	  3.604263	  6.610458
475	  0.035767	  0.049225	  0.060089	  6.711075	  3.604263	  6.569992
480	  0.029892	  0.053497	  0.063828	  6.668228	  3.575699	  6.593796
485	  0.030960	  0.058838	  0.063293	  6.625381	  3.611404	  6.719955
490	  0.027756	  0.068451	  0.059555	  6.703934	  3.611404	  6.603317
495	  0.024551	  0.079666	  0.060089	  6.646805	  3.597122	  6.567612
500	  0.026688	  0.098358	  0.060089	  6.730118	  3.566177	  6.574753
505	  0.027756	  0.112778	  0.063828	  6.758682	  3.551895	  6.574753
510	  0.027756	  0.128265	  0.066498	  6.727737	  3.504288	  6.667587
515	  0.024551	  0.148026	  0.069702	  6.713455	  3.463821	  6.646164
520	  0.017075	  0.159241	  0.074509	  6.701553	  3.509048	  6.715195
525	  0.005325	  0.173126	  0.078781	  6.720596	  3.470963	  6.734238
530	 -0.006958	  0.178467	  0.084656	  6.706314	  3.499527	  6.765182
535	 -0.021378	  0.177399	  0.086258	  6.644424	  3.485245	  6.727097
541	 -0.050751	  0.155502	  0.088394	  6.651566	  3.506668	  6.646164
545	 -0.065704	  0.137344	  0.085724	  6.587296	  3.501907	  6.600937
550	 -0.073181	  0.113846	  0.080383	  6.558731	  3.490005	  6.562851
555	 -0.076920	  0.085007	  0.072372	  6.596817	  3.535233	  6.467636
560	 -0.079056	  0.057236	  0.062759	  6.542068	  3.547134	  6.486679
565	 -0.078522	  0.028397	  0.045670	  6.534927	  3.513809	  6.493820
570	 -0.075851	  0.001694	  0.030716	  6.513504	  3.573318	  6.517624
576	 -0.073181	 -0.022873	  0.013626	  6.537308	  3.506668	  6.510483
581	 -0.068909	 -0.045837	 -0.003464	  6.587296	  3.501907	  6.524765
586	 -0.064636	 -0.063461	 -0.017349	  6.618240	  3.525711	  6.543808
591	 -0.055023	 -0.078415	 -0.025360	  6.677750	  3.475723	  6.543808
596	 -0.045944	 -0.089096	 -0.037643	  6.701553	  3.485245	  6.555710
601	 -0.039001	 -0.089630	 -0.044052	  6.692032	  3.494766	  6.548569
606	 -0.029922	 -0.096039	 -0.050461	  6.756302	  3.504288	  6.596176
611	 -0.025650	 -0.098709	 -0.055801	  6.789627	  3.501907	  6.660446
616	 -0.019775	 -0.093903	 -0.056335	  6.799149	  3.480484	  6.662827
621	 -0.017105	 -0.092300	 -0.055801	  6.801529	  3.494766	  6.712814
626	 -0.017105	 -0.087494	 -0.053665	  6.789627	  3.480484	  6.674728
631	 -0.019241	 -0.086426	 -0.050995	  6.792007	  3.461441	  6.722336
636	 -0.021378	 -0.082687	 -0.045654	  6.825333	  3.480484	  6.703293
641	 -0.028854	 -0.078415	 -0.041916	  6.801529	  3.506668	  6.760422
646	 -0.037933	 -0.075745	 -0.035507	  6.789627	  3.473343	  6.827072
651	 -0.049149	 -0.071472	 -0.032303	  6.801529	  3.478104	  6.731857
656	 -0.055557	 -0.066666	 -0.031235	  6.822952	  3.435257	  6.750900
661	 -0.062500	 -0.059189	 -0.032303	  6.811050	  3.473343	  6.698532
666	 -0.066238	 -0.048508	 -0.034439	  6.749161	  3.425735	  6.691391
671	 -0.067841	 -0.037827	 -0.041382	  6.730118	  3.461441	  6.653305
676	 -0.066772	 -0.027145	 -0.048325	  6.739639	  3.442398	  6.689011
681	 -0.067841	 -0.019669	 -0.058472	  6.737259	  3.425735	  6.727097
687	 -0.068909	 -0.011658	 -0.065414	  6.727737	  3.454300	  6.738998
691	 -0.065170	 -0.003113	 -0.067017	  6.789627	  3.435257	  6.674728
702	 -0.060898	  0.006500	 -0.069687	  6.782486	  3.409073	  6.727097
703	 -0.057693	  0.013443	 -0.071823	  6.749161	  3.454300	  6.741379
706	 -0.056091	  0.027863	 -0.076096	  6.739639	  3.430496	  6.674728
712	 -0.054489	  0.040146	 -0.077698	  6.732498	  3.425735	  6.793747
717	 -0.057693	  0.047623	 -0.075027	  6.749161	  3.435257	  6.758041
722	 -0.059296	  0.055634	 -0.072891	  6.784866	  3.394791	  6.722336
727	 -0.064636	  0.058838	 -0.064880	  6.761063	  3.392410	  6.715195
732	 -0.067841	  0.057236	 -0.054199	  6.725357	  3.404312	  6.738998
737	 -0.068909	  0.062576	 -0.048859	  6.732498	  3.378128	  6.860397
742	 -0.071045	  0.067383	 -0.040314	  6.684891	  3.475723	  6.903244
747	 -0.077454	  0.075928	 -0.037643	  6.656326	  3.480484	  6.943710
752	 -0.085999	  0.084473	 -0.034439	  6.599197	  3.430496	  7.007980
757	 -0.097748	  0.095688	 -0.032837	  6.630142	  3.475723	  6.915146
762	 -0.108963	  0.110641	 -0.029633	  6.620621	  3.461441	  6.872299
767	 -0.114838	  0.127197	 -0.024826	  6.613480	  3.520950	  6.788986
774	 -0.118042	  0.140549	 -0.024826	  6.546829	  3.520950	  6.808029
777	 -0.120178	  0.153900	 -0.022690	  6.611099	  3.532852	  6.781845
782	 -0.122849	  0.164047	 -0.021088	  6.568253	  3.520950	  6.796127
788	 -0.128189	  0.174728	 -0.019485	  6.515884	  3.537613	  6.779465
792	 -0.133530	  0.188080	 -0.024826	  6.477798	  3.530472	  6.855637
797	 -0.141541	  0.205704	 -0.032837	  6.451614	  3.551895	  6.874680
802	 -0.153824	  0.216385	 -0.040848	  6.513504	  3.542374	  6.938950
807	 -0.165573	  0.225464	 -0.047791	  6.468277	  3.513809	  6.934189
812	 -0.175720	  0.236145	 -0.050995	  6.525406	  3.497147	  6.898483
818	 -0.186401	  0.238281	 -0.051529	  6.499222	  3.463821	  6.838974
822	 -0.191208	  0.239349	 -0.055267	  6.430191	  3.468582	  6.746140
827	 -0.193344	  0.239883	 -0.051529	  6.437332	  3.440018	  6.655685
832	 -0.190674	  0.229736	 -0.048859	  6.487320	  3.440018	  6.593796
838	 -0.184265	  0.219589	 -0.040314	  6.465897	  3.394791	  6.593796
843	 -0.169846	  0.204636	 -0.030701	  6.415909	  3.373367	  6.605698
848	 -0.158096	  0.189682	 -0.022156	  6.413528	  3.366226	  6.615219
852	 -0.145813	  0.174728	 -0.016281	  6.432571	  3.356705	  6.658066
858	 -0.134064	  0.158707	 -0.008804	  6.408768	  3.368607	  6.753281
863	 -0.128723	  0.150162	 -0.006134	  6.442093	  3.323380	  6.605698
868	 -0.109497	  0.142685	 -0.009872	  6.151688	  3.280533	  6.358139
872	 -0.084930	  0.123459	 -0.018951	  6.363541	  3.263870	  6.672348
878	 -0.066238	  0.098358	 -0.022690	  6.508743	  3.271011	  6.853256
883	 -0.058228	  0.077530	 -0.015747	  6.487320	  3.311478	  6.717575
888	 -0.044342	  0.062042	 -0.017349	  6.401627	  3.251968	  6.619980
893	 -0.032593	  0.059906	 -0.016815	  6.539688	  3.235306	  6.708054
898	 -0.014969	  0.054031	 -0.013077	  6.539688	  3.237686	  6.729477
903	 -0.005356	  0.040146	 -0.014145	  6.489700	  3.259109	  6.855637
908	  0.000519	  0.026260	 -0.009872	  6.480179	  3.278152	  6.855637
913	  0.001587	  0.017181	 -0.011475	  6.527786	  3.225784	  6.836594
918	  0.002121	  0.002228	 -0.011475	  6.492081	  3.235306	  6.888962
923	  0.001587	 -0.005783	 -0.010406	  6.444473	  3.282913	  6.853256
928	 -0.006958	 -0.019135	 -0.015747	  6.461136	  3.330521	  6.946091
933	 -0.014435	 -0.029816	 -0.020020	  6.487320	  3.330521	  6.903244
938	 -0.025116	 -0.043167	 -0.023758	  6.453995	  3.320999	  6.931808
944	 -0.036865	 -0.055450	 -0.031235	  6.473038	  3.318619	  6.953232
948	 -0.050751	 -0.065598	 -0.035507	  6.484940	  3.306717	  6.905624
953	 -0.063568	 -0.072006	 -0.038177	  6.470657	  3.330521	  7.031784
958	 -0.075317	 -0.070404	 -0.039780	  6.506363	  3.344803	  6.972275
963	 -0.086533	 -0.061859	 -0.043518	  6.539688	  3.361465	  7.012741
968	 -0.096680	 -0.045837	 -0.044052	  6.496841	  3.354324	  7.129379
973	 -0.114838	 -0.026611	 -0.046188	  6.546829	  3.323380	  7.257919
978	 -0.131927	 -0.004715	 -0.047791	  6.594437	  3.268631	  7.103195
983	 -0.145279	  0.022522	 -0.048859	  6.461136	  3.287674	  7.096054
989	 -0.155960	  0.048157	 -0.051529	  6.465897	  3.311478	  7.110336
993	 -0.167175	  0.076996	 -0.048859	  6.565872	  3.297195	  7.174606
998	 -0.173584	  0.095688	 -0.049393	  6.584915	  3.290054	  7.053207
1004	 -0.175720	  0.115982	 -0.045120	  6.553970	  3.244827	  6.988937
1019	 -0.175186	  0.133606	 -0.038712	  6.513504	  3.266251	  6.908005
1020	 -0.166107	  0.144821	 -0.034439	  6.508743	  3.251968	  6.848495
1021	 -0.158096	  0.153900	 -0.025360	  6.468277	  3.301956	  6.793747
1024	 -0.145813	  0.158173	 -0.023224	  6.411148	  3.318619	  6.800888
1029	 -0.130859	  0.159775	 -0.019485	  6.342117	  3.309097	  6.912766
1034	 -0.123917	  0.159241	 -0.015747	  6.365921	  3.299576	  6.831833
1039	 -0.116440	  0.152298	 -0.010406	  6.389725	  3.297195	  6.858017
1044	 -0.109497	  0.139481	 -0.006134	  6.384964	  3.280533	  6.850876
1049	 -0.102020	  0.119186	 -0.001328	  6.287369	  3.301956	  6.879440
1054	 -0.096146	  0.100494	  0.001343	  6.237381	  3.328140	  6.903244
1059	 -0.086533	  0.085007	  0.001343	  6.185013	  3.366226	  6.862778
1064	 -0.080658	  0.063110	  0.000275	  6.149307	  3.351944	  6.872299
1070	 -0.077454	  0.041214	 -0.007202	  6.137405	  3.370987	  6.834213
1074	 -0.077988	  0.019318	 -0.014145	  6.165970	  3.380508	  6.896103
1079	 -0.075851	 -0.005249	 -0.020020	  6.123123	  3.340042	  6.988937
1084	 -0.079056	 -0.026611	 -0.031235	  6.149307	  3.309097	  6.879440
1090	 -0.081726	 -0.051712	 -0.039246	  6.123123	  3.337662	  6.888962
1094	 -0.078522	 -0.074142	 -0.047791	  6.175491	  3.309097	  6.908005
1099	 -0.075851	 -0.100845	 -0.057938	  6.132645	  3.244827	  6.872299
1104	 -0.071579	 -0.131287	 -0.064346	  6.165970	  3.263870	  6.877060
1109	 -0.071045	 -0.156387	 -0.072357	  6.135025	  3.211502	  6.893723
1114	 -0.065704	 -0.178818	 -0.081436	  6.173111	  3.209122	  6.917526
1119	 -0.058228	 -0.194839	 -0.091583	  6.182632	  3.168655	  6.927048
1124	 -0.051819	 -0.207657	 -0.097458	  6.177872	  3.194839	  7.010361
1129	 -0.049683	 -0.211929	 -0.106537	  6.227859	  3.163895	  7.176987
1135	 -0.054489	 -0.209793	 -0.113480	  6.280228	  3.118668	  7.091293
1140	 -0.056625	 -0.204987	 -0.110809	  6.375443	  3.092484	  7.119858
1145	 -0.068375	 -0.167603	 -0.101730	  6.377823	  3.078201	  7.179367
1150	 -0.068375	 -0.167603	 -0.101730	  6.408768	  3.118668	  7.310287
1155	 -0.074783	 -0.137695	 -0.097458	  6.404007	  3.063919	  7.279343
1160	 -0.080124	 -0.104050	 -0.089981	  6.392105	  3.099625	  7.229355
1165	 -0.084396	 -0.065598	 -0.079834	  6.411148	  3.094864	  7.281723
1170	 -0.102554	  0.000092	 -0.070221	  6.375443	  3.142471	  7.334091
1175	 -0.112167	  0.024124	 -0.061676	  6.389725	  3.116287	  7.269821
1180	 -0.116974	  0.042282	 -0.055801	  6.313553	  3.113907	  7.317429
1185	 -0.129257	  0.059372	 -0.050995	  6.289749	  3.116287	  7.315048
1190	 -0.139938	  0.070587	 -0.044052	  6.282608	  3.104385	  7.284103
1202	 -0.147415	  0.079132	 -0.036575	  6.256424	  3.180557	  7.200790
1203	 -0.154358	  0.087143	 -0.030167	  6.263565	  3.111526	  7.176987
1205	 -0.156494	  0.095688	 -0.027496	  6.292130	  3.123428	  7.174606
1210	 -0.156494	  0.100494	 -0.022156	  6.254044	  3.097244	  7.146042
1215	 -0.158630	  0.099960	 -0.017349	  6.194534	  3.097244	  7.191269
1220	 -0.156494	  0.098358	 -0.013077	  6.144547	  3.104385	  7.167465
1225	 -0.154358	  0.096222	 -0.008804	  6.201675	  3.073441	  7.091293
1230	 -0.148483	  0.090881	 -0.002930	  6.204056	  3.109146	  7.134140
1235	 -0.142075	  0.088211	 -0.001328	  6.158829	  3.082962	  7.093674
1240	 -0.136734	  0.087143	 -0.002396	  6.135025	  3.123428	  7.157944
1246	 -0.128189	  0.085007	 -0.002396	  6.137405	  3.063919	  7.155563
1250	 -0.121246	  0.081268	 -0.002930	  6.137405	  3.063919	  7.155563
1255	 -0.110565	  0.078598	 -0.002396	  6.123123	  3.035355	  7.160324
1260	 -0.098816	  0.072723	 -0.003464	  6.101700	  3.059158	  7.098434
1265	 -0.086533	  0.063644	 -0.001328	  6.101700	  3.054398	  7.136520
1270	 -0.075317	  0.053497	 -0.000259	  6.149307	  3.040115	  7.103195
1276	 -0.066772	  0.038544	  0.001877	  6.127884	  3.059158	  7.210312
1280	 -0.053955	  0.023590	  0.004547	  6.123123	  3.061539	  7.079391
1285	 -0.043808	  0.004898	  0.007751	  6.115982	  3.063919	  7.162704
1291	 -0.034195	 -0.019135	  0.009354	  6.049332	  3.102005	  7.077011
1296	 -0.021912	 -0.036224	  0.006149	  6.085037	  3.052017	  7.088913
1301	 -0.007492	 -0.060791	  0.006683	  6.049332	  3.140091	  7.117477
1306	  0.004257	 -0.083755	  0.002945	  6.030289	  3.109146	  7.165085
1311	  0.013870	 -0.101379	  0.003479	  6.089798	  3.113907	  7.162704
1316	  0.022415	 -0.120071	  0.002945	  6.144547	  3.099625	  7.146042
1321	  0.032028	 -0.136093	  0.001877	  6.137405	  3.073441	  7.215073
1326	  0.035767	 -0.146240	  0.004013	  6.161209	  3.113907	  7.274582
1331	  0.037369	 -0.147842	  0.001877	  6.104080	  3.102005	  7.336472
1336	  0.035233	 -0.148376	  0.004013	  6.177872	  3.080582	  7.424545
1341	  0.033630	 -0.143036	  0.001877	  6.225479	  3.102005	  7.343613
1346	  0.035233	 -0.130753	  0.000275	  6.223099	  3.099625	  7.391220
1351	  0.029358	 -0.119537	  0.001343	  6.237381	  3.073441	  7.419785
1356	  0.027756	 -0.100311	  0.003479	  6.246902	  3.075821	  7.460251
1361	  0.024551	 -0.084824	  0.002411	  6.258804	  3.106766	  7.453110
1366	  0.023483	 -0.067200	  0.004013	  6.320694	  3.052017	  7.345993
1371	  0.024551	 -0.050644	  0.006683	  6.320694	  3.082962	  7.422165
1376	  0.025085	 -0.038361	  0.007751	  6.287369	  3.078201	  7.381699
1381	  0.022415	 -0.027145	  0.014160	  6.311172	  3.099625	  7.341232
1386	  0.024551	 -0.022873	  0.021103	  6.344498	  3.090103	  7.360275
1392	  0.024551	 -0.014862	  0.028046	  6.311172	  3.071060	  7.241257
1396	  0.025085	 -0.010056	  0.034988	  6.301651	  3.099625	  7.279343
1401	  0.026154	 -0.003113	  0.036057	  6.294510	  3.080582	  7.260300
1406	  0.028824	 -0.008453	  0.038193	  6.275467	  3.092484	  7.215073
1411	  0.032562	 -0.006317	  0.038193	  6.235001	  3.135330	  7.084152
1416	  0.038437	 -0.008453	  0.039795	  6.232620	  3.142471	  7.179367
1421	  0.044846	 -0.017532	  0.037659	  6.268326	  3.182938	  7.141281
1427	  0.049118	 -0.025009	  0.033920	  6.230240	  3.121048	  7.141281
1432	  0.053391	 -0.033554	  0.035522	  6.242142	  3.190079	  7.103195
1437	  0.057129	 -0.042099	  0.029648	  6.261185	  3.251968	  7.146042
1442	  0.060333	 -0.054916	  0.024307	  6.306412	  3.206741	  7.119858
1447	  0.059799	 -0.060791	  0.021103	  6.280228	  3.199600	  7.124619
1452	  0.060867	 -0.072006	  0.016830	  6.275467	  3.282913	  7.107956
1457	  0.054459	 -0.073074	  0.011490	  6.306412	  3.194839	  7.200790
1462	  0.048584	 -0.077881	  0.007751	  6.292130	  3.244827	  7.115097
1467	  0.046448	 -0.080017	  0.007751	  6.346878	  3.237686	  7.146042
1472	  0.043243	 -0.080551	  0.004547	  6.313553	  3.263870	  7.176987
1477	  0.040573	 -0.080551	  0.002411	  6.318314	  3.218643	  7.207932
1482	  0.031494	 -0.079483	 -0.006134	  6.334976	  3.261490	  7.269821
1487	  0.023483	 -0.080017	 -0.004532	  6.344498	  3.149612	  7.231735
1492	  0.019211	 -0.077881	 -0.007202	  6.380203	  3.213882	  7.196030
1497	  0.012268	 -0.071472	 -0.008804	  6.377823	  3.154373	  7.191269
1502	  0.008530	 -0.060257	 -0.008270	  6.396866	  3.175797	  7.160324
1507	  0.002121	 -0.049042	 -0.010406	  6.489700	  3.154373	  7.184128
1512	  0.000519	 -0.035156	 -0.006668	  6.418289	  3.178177	  7.146042
1518	 -0.001617	 -0.015930	 -0.005066	  6.480179	  3.190079	  7.196030
1522	 -0.002686	  0.001160	 -0.003464	  6.430191	  3.192459	  7.205551
1527	 -0.008560	  0.015045	 -0.001328	  6.489700	  3.201981	  7.167465
1532	 -0.012299	  0.028931	  0.000809	  6.408768	  3.147232	  7.103195
1537	 -0.013367	  0.041748	  0.002945	  6.425430	  3.201981	  7.160324
1543	 -0.016037	  0.052963	  0.004013	  6.392105	  3.256729	  7.067490
1548	 -0.018173	  0.054565	  0.005081	  6.380203	  3.185318	  7.077011
1552	 -0.022980	  0.049759	  0.007217	  6.356400	  3.199600	  7.119858
1557	 -0.032593	  0.044418	  0.004013	  6.327835	  3.223404	  7.067490
1562	 -0.039536	  0.037476	  0.002945	  6.315933	  3.161514	  7.007980
1568	 -0.044876	  0.028397	  0.003479	  6.342117	  3.204361	  6.984177
1573	 -0.051285	  0.020386	  0.000275	  6.313553	  3.194839	  7.031784
1578	 -0.056625	  0.010239	 -0.003998	  6.289749	  3.221024	  7.038925
1583	 -0.059830	  0.001160	 -0.006668	  6.268326	  3.204361	  6.981796
1588	 -0.065170	 -0.005249	 -0.013077	  6.296890	  3.180557	  7.012741
1593	 -0.064102	 -0.016464	 -0.018417	  6.311172	  3.185318	  6.953232
1598	 -0.065170	 -0.020203	 -0.022690	  6.313553	  3.209122	  6.953232
1603	 -0.064636	 -0.027145	 -0.022156	  6.342117	  3.168655	  7.005600
1608	 -0.066238	 -0.034622	 -0.027496	  6.301651	  3.197220	  6.962753
1613	 -0.065704	 -0.039429	 -0.029633	  6.349258	  3.204361	  6.962753
1618	 -0.065704	 -0.048508	 -0.030701	  6.354019	  3.144852	  6.955612
1623	 -0.062500	 -0.053848	 -0.031235	  6.392105	  3.159134	  7.007980
1628	 -0.056625	 -0.060257	 -0.032837	  6.377823	  3.173416	  6.979416
1633	 -0.058762	 -0.064529	 -0.034973	  6.406387	  3.185318	  6.972275
1638	 -0.055023	 -0.067734	 -0.037109	  6.449234	  3.211502	  6.984177
1643	 -0.059296	 -0.070938	 -0.040314	  6.484940	  3.218643	  6.991318
1648	 -0.063034	 -0.076279	 -0.043518	  6.487320	  3.251968	  7.062729
1653	 -0.073715	 -0.079483	 -0.048859	  6.499222	  3.261490	  7.077011
1658	 -0.085464	 -0.080551	 -0.059540	  6.525406	  3.261490	  7.046066
1663	 -0.100418	 -0.083755	 -0.065948	  6.573013	  3.309097	  7.072250
1668	 -0.117508	 -0.089630	 -0.075027	  6.658707	  3.330521	  7.036545
1673	 -0.135666	 -0.090164	 -0.081970	  6.675369	  3.382889	  7.077011
1678	 -0.153824	 -0.091766	 -0.088913	  6.672989	  3.425735	  7.029404
1683	 -0.174118	 -0.099777	 -0.103333	  6.765823	  3.511429	  7.074631
1688	 -0.197617	 -0.106186	 -0.119354	  6.765823	  3.485245	  7.031784
1702	 -0.232864	 -0.118469	 -0.138580	  6.803909	  3.573318	  7.107956
1703	 -0.264374	 -0.136093	 -0.157272	  6.870560	  3.632828	  6.991318
1704	 -0.297485	 -0.157990	 -0.173828	  6.980057	  3.687576	  6.891342
1709	 -0.328461	 -0.179352	 -0.191986	  7.008621	  3.687576	  6.886581
1714	 -0.361038	 -0.206589	 -0.213348	  7.015762	  3.801834	  6.855637
1719	 -0.395218	 -0.241302	 -0.235245	  7.060989	  3.866104	  6.855637
1724	 -0.432068	 -0.276550	 -0.260880	  7.206192	  3.854202	  6.750900
1729	 -0.467850	 -0.318207	 -0.288116	  7.299026	  3.977982	  6.722336
1734	 -0.501495	 -0.356659	 -0.315887	  7.320450	  4.032730	  6.674728
1739	 -0.536743	 -0.390839	 -0.349533	  7.306168	  4.144608	  6.710434
1744	 -0.570923	 -0.422882	 -0.394928	  7.415665	  4.185074	  6.731857
1749	 -0.637146	 -0.489639	 -0.483047	  7.513260	  4.216019	  6.767563
1754	 -0.637146	 -0.489639	 -0.483047	  7.603714	  4.268387	  6.696152
1759	 -0.668655	 -0.527557	 -0.528976	  7.651321	  4.361221	  6.650925
1764	 -0.699097	 -0.574020	 -0.577576	  7.756058	  4.475479	  6.603317
1769	 -0.729004	 -0.629562	 -0.632050	  7.789383	  4.568314	  6.574753
1774	 -0.758911	 -0.697922	 -0.688660	  7.751297	  4.630203	  6.593796
1779	 -0.794693	 -0.785507	 -0.753815	  7.782242	  4.677811	  6.520004
1784	 -0.830475	 -0.891251	 -0.826447	  7.791763	  4.761124	  6.603317
1789	 -0.870529	 -1.023163	 -0.907623	  7.741776	  4.801590	  6.541428
1794	 -0.918594	 -1.179108	 -1.003754	  7.708450	  4.796829	  6.579514
1800	 -0.969330	 -1.361221	 -1.105759	  7.715591	  4.863480	  6.536667
1804	 -1.069199	 -1.794342	 -1.338608	  7.717972	  4.937271	  6.331955
1809	 -1.111389	 -2.022919	 -1.467850	  7.717972	  4.996780	  6.298630
1814	 -1.142365	 -2.249893	 -1.599228	  7.720352	  4.987259	  6.160568
1819	 -1.157852	 -2.470459	 -1.731674	  7.777481	  4.987259	  6.096298
1824	 -1.157318	 -2.677673	 -1.866257	  7.889359	  5.018204	  5.920151
1829	 -1.145569	 -2.852844	 -1.998169	  7.996475	  5.115799	  5.927292
1834	 -1.117264	 -2.999176	 -2.122070	  8.046463	  5.151505	  5.822556
1839	 -1.077209	 -3.131622	 -2.239029	  8.205948	  5.172928	  5.784470
1845	 -1.022736	 -3.245377	 -2.345840	  8.334488	  5.127701	  5.736862
1850	 -0.964523	 -3.348984	 -2.437164	  8.741531	  5.072952	  5.708298
1855	 -0.897232	 -3.446182	 -2.518341	  8.741531	  5.072952	  5.708298
1860	 -0.826736	 -3.527893	 -2.584030	  8.886734	  5.044388	  5.686874
1865	 -0.753571	 -3.578094	 -2.644379	  8.991470	  5.091995	  5.767807
1870	 -0.677734	 -3.607468	 -2.700455	  9.093826	  5.134842	  5.848740
1875	 -0.605103	 -3.613342	 -2.745850	  9.129532	  5.141983	  5.965378
1880	 -0.539413	 -3.611206	 -2.783768	  9.229507	  5.125320	  6.036789
1885	 -0.480667	 -3.621887	 -2.810471	  9.296158	  5.091995	  6.112961
1890	 -0.433670	 -3.645920	 -2.834503	  9.308060	  5.027725	  6.153427
1895	 -0.390945	 -3.690781	 -2.849457	  9.167618	  4.889664	  5.993942
1900	 -0.349823	 -3.767685	 -2.861206	  9.015274	  4.870621	  5.663071
1905	 -0.306030	 -3.877701	 -2.871353	  8.922440	  4.827774	  5.365524
1910	 -0.259567	 -4.025101	 -2.880966	  8.801041	  4.884903	  5.175095
1915	 -0.209366	 -4.217361	 -2.890579	  8.736771	  4.863480	  4.870407
1923	 -0.158096	 -4.414963	 -2.903931	  8.643936	  4.942032	  4.868027
1925	 -0.103088	 -4.591736	 -2.929031	  8.570145	  5.044388	  4.863266
1930	 -0.044342	 -4.725250	 -2.966415	  8.498734	  5.108658	  4.932297
1935	  0.008530	 -4.809097	 -3.012878	  8.446365	  5.177689	  4.948959
1940	  0.056595	 -4.869980	 -3.076431	  8.417801	  5.211014	  5.029892
1945	  0.093445	 -4.909500	 -3.139450	  8.503494	  5.172928	  5.041794
1951	  0.118546	 -4.930328	 -3.205673	  8.424942	  5.325272	  5.186996
1955	  0.141510	 -4.923386	 -3.272964	  8.360672	  5.399063	  5.094162
1960	  0.158600	 -4.903091	 -3.340256	  8.263077	  5.425247	  4.960861
1965	  0.181564	 -4.879059	 -3.399536	  8.148819	  5.446671	  4.608566
1970	  0.214142	 -4.861969	 -3.444397	  8.044083	  5.382401	  4.311020
1975	  0.246719	 -4.861969	 -3.475372	  8.029800	  5.372879	  3.863510
1980	  0.282501	 -4.892944	 -3.481247	  8.010757	  5.277664	  3.568344
1985	  0.325760	 -4.958633	 -3.463623	  8.029800	  5.168167	  3.235092
1990	  0.366882	 -5.051025	 -3.427841	  7.965530	  5.065811	  3.075607
1996	  0.411209	 -5.159973	 -3.370697	  7.948868	  4.970596	  2.787582
2001	  0.460876	 -5.283875	 -3.300735	  7.939346	  4.889664	  2.430527
2005	  0.512680	 -5.424332	 -3.219025	  7.901260	  4.894424	  2.197250
2018	  0.571960	 -5.595764	 -3.134644	  7.763199	  4.861099	  2.016342
2019	  0.631775	 -5.769867	 -3.050262	  7.734634	  4.868240	  2.056808
2021	  0.691589	 -5.915131	 -2.982437	  7.658463	  4.906326	  2.273422
2026	  0.751938	 -6.002182	 -2.929031	  7.496597	  5.084854	  2.551926
2031	  0.811752	 -6.017670	 -2.895920	  7.477554	  5.144363	  2.561447
2036	  0.871567	 -5.978149	 -2.870819	  7.532303	  5.096756	  2.678085
2041	  0.932983	 -5.914597	 -2.846252	  7.622757	  5.061050	  2.730453
2046	  0.992798	 -5.826477	 -2.812607	  7.617996	  5.034866	  2.835190
2051	  1.056351	 -5.693497	 -2.777893	  7.591812	  5.106277	  2.889938
2056	  1.119370	 -5.515121	 -2.738907	  7.468033	  5.034866	  3.035141
2061	  1.171173	 -5.296692	 -2.698853	  7.358536	  4.911087	  3.104172
2066	  1.226715	 -5.062775	 -2.652390	  7.334732	  4.739700	  2.835190
2071	  1.281189	 -4.846481	 -2.596313	  7.134781	  4.632584	  2.511459
2076	  1.342072	 -4.676651	 -2.530624	  6.961014	  4.494522	  2.211533
2081	  1.405090	 -4.571442	 -2.455856	  6.813431	  4.299332	  1.721176
2086	  1.473984	 -4.544205	 -2.371475	  6.744400	  4.189835	  1.392685
2091	  1.551956	 -4.559158	 -2.284958	  6.653946	  4.063675	  1.016586
2097	  1.645950	 -4.590668	 -2.193634	  6.482559	  4.097000	  0.623825
2101	  1.754364	 -4.626984	 -2.108719	  6.439713	  4.144608	  0.421494
2106	  1.868652	 -4.655289	 -2.025406	  6.392105	  4.201736	  0.297714
2111	  1.991486	 -4.673981	 -1.946899	  6.161209	  4.244583	  0.076340
2116	  2.124466	 -4.684662	 -1.883881	  6.173111	  4.235062	 -0.152176
2121	  2.257980	 -4.698013	 -1.825668	  6.213577	  4.118423	 -0.261673
2126	  2.397903	 -4.706024	 -1.763718	  6.130264	  4.204117	 -0.311661
2131	  2.541031	 -4.711365	 -1.713516	  6.008865	  4.294571	 -0.440201
2136	  2.688431	 -4.707092	 -1.676666	  5.923172	  4.299332	 -0.652054
2142	  2.845978	 -4.695343	 -1.642487	  5.951736	  4.258865	 -0.866287
2147	  3.007263	 -4.679855	 -1.615250	  5.870804	  4.315994	 -1.059097
2152	  3.174957	 -4.645676	 -1.600296	  5.708939	  4.389786	 -1.142410
2157	  3.348526	 -4.588531	 -1.607239	  5.654190	  4.456436	 -1.318558
2162	  3.524231	 -4.506287	 -1.617386	  5.623245	  4.492142	 -1.454239
2167	  3.702072	 -4.403748	 -1.633942	  5.720840	  4.489761	 -1.599442
2172	  3.878845	 -4.280380	 -1.648895	  5.758926	  4.449295	 -1.847000
2177	  4.060959	 -4.139923	 -1.659576	  5.649429	  4.308853	 -2.030289
2182	  4.235596	 -3.989319	 -1.675598	  5.630386	  4.008926	 -2.218338
2187	  4.404892	 -3.845123	 -1.687347	  5.739883	  3.823257	 -2.423050
2202	  4.566177	 -3.720688	 -1.690018	  5.818436	  3.632828	 -2.492081
2203	  4.728531	 -3.595718	 -1.687881	  5.599442	  3.449539	 -2.875320
2204	  4.895157	 -3.464874	 -1.684143	  5.706558	  3.052017	 -3.294266
2207	  5.072464	 -3.337769	 -1.671860	  5.808914	  2.718765	 -3.727493
2212	  5.263657	 -3.213333	 -1.644623	  5.794632	  2.528336	 -4.022659
2217	  5.467133	 -3.099045	 -1.606171	  5.839859	  2.354568	 -4.263077
2222	  5.671677	 -3.003983	 -1.559708	  6.023148	  2.185562	 -4.443985
2227	  5.878357	 -2.914795	 -1.502029	  6.013626	  1.857071	 -4.653458
2232	  6.088776	 -2.818665	 -1.435272	  5.754166	  1.566666	 -4.848648
2237	  6.299728	 -2.699036	 -1.366379	  5.663712	  1.250076	 -5.070023
2242	  6.513885	 -2.562851	 -1.294815	  5.925552	  0.978714	 -5.148575
2247	  6.722168	 -2.409042	 -1.212570	  5.847000	  0.771622	 -5.234268
2253	  6.926178	 -2.238144	 -1.131927	  5.692276	  0.559769	 -5.331863
2257	  7.120575	 -2.053894	 -1.055557	  5.630386	  0.414566	 -5.486588
2262	  7.305893	 -1.856827	 -0.992538	  5.428055	  0.319351	 -5.455643
2268	  7.476791	 -1.638397	 -0.947144	  5.275711	  0.307449	 -5.453262
2272	  7.628998	 -1.404480	 -0.917770	  5.087662	  0.193192	 -5.584183
2278	  7.763046	 -1.158279	 -0.907623	  4.837723	 -0.078171	 -5.672256
2283	  7.876801	 -0.914215	 -0.917236	  4.873428	 -0.135300	 -6.074539
2288	  7.968124	 -0.682434	 -0.945541	  4.235489	  0.231277	 -6.317337
2293	  8.026337	 -0.488571	 -1.034729	  3.507095	  0.426468	 -6.650589
2300	  8.047165	 -0.316071	 -1.189072	  3.090530	  0.155106	 -6.262589
2303	  8.016190	 -0.174545	 -1.389343	  3.171463	 -0.242416	 -5.834122
2308	  7.911514	 -0.080551	 -1.606705	  3.254776	 -0.877975	 -5.117630
2313	  7.742752	 -0.026611	 -1.821930	  3.411880	 -1.575424	 -4.563004
2318	  7.518982	  0.010239	 -2.037155	  3.342850	 -2.275253	 -4.317825
2323	  7.264236	  0.034271	 -2.260391	  3.419022	 -3.144089	 -4.401138
2328	  7.002548	  0.071655	 -2.475616	  3.666580	 -3.820114	 -4.615372
2333	  6.753677	  0.116516	 -2.674286	  3.857010	 -4.046249	 -5.377090
2338	  6.544861	  0.164581	 -2.854797	  3.873672	 -4.136703	 -6.479202
2343	  6.400131	  0.232407	 -3.028366	  3.835587	 -4.698471	 -7.588455
2348	  6.322693	  0.329605	 -3.196060	  3.837967	 -5.381638	 -8.421585
2353	  6.289581	  0.411316	 -3.363754	  4.099808	 -5.798203	 -8.945267
2358	  6.278366	  0.464722	 -3.527710	  4.192642	 -5.919601	 -9.383255
2363	  6.274094	  0.489822	 -3.691132	  4.056961	 -5.762497	 -9.942642
2368	  6.281570	  0.493561	 -3.875381	  3.992691	 -5.598251	-10.330643
2373	  6.278366	  0.500504	 -4.074051	  4.121231	 -5.672043	-10.421097
2378	  6.247391	  0.502106	 -4.278595	  4.292618	 -5.971970	 -9.975967
2383	  6.171555	  0.521866	 -4.490616	  4.628250	 -6.459946	 -9.383255
2388	  6.046051	  0.557648	 -4.696762	  5.175735	 -6.959824	 -8.947647
2393	  5.878357	  0.619064	 -4.887421	  5.404251	 -7.842941	 -8.631058
2399	  5.689835	  0.722137	 -5.049240	  5.637527	 -8.776047	 -8.700089
2403	  5.505585	  0.890366	 -5.171005	  6.346878	 -9.513962	 -8.711990
2408	  5.319199	  1.101852	 -5.251114	  6.732498	-10.035263	 -8.381119
2413	  5.118927	  1.329361	 -5.323212	  7.037186	-10.835068	 -8.540604
2418	  4.934677	  1.569687	 -5.387833	  7.089554	-11.606308	 -9.340408
2424	  4.685272	  2.041260	 -5.472748	  7.301407	-12.080002	-10.118790
2429	  4.602493	  2.207886	 -5.497849	  7.648941	-12.158554	-10.785294
2434	  4.519714	  2.315231	 -5.532028	  7.672745	-12.296616	-11.061417
2439	  4.429459	  2.380386	 -5.571548	  7.539444	-12.560837	-11.270889
2444	  4.329590	  2.394806	 -5.611069	  7.541824	-12.825058	-11.316116
2449	  4.209427	  2.361694	 -5.644714	  7.753677	-12.827438	-11.263748
2454	  4.078583	  2.330185	 -5.683701	  7.670364	-12.758408	-11.268509
2459	  3.945068	  2.309357	 -5.714676	  7.779861	-12.856003	-11.432755
2464	  3.809418	  2.301880	 -5.746719	  8.025040	-12.898849	-11.685074
2469	  3.673233	  2.324844	 -5.771820	  8.260696	-12.770309	-11.818375
2474	  3.540787	  2.376648	 -5.787842	  8.584427	-12.484665	-11.899307
2479	  3.398193	  2.474915	 -5.783569	  8.981949	-12.218063	-11.920731
2484	  3.237976	  2.616974	 -5.770752	  9.403275	-12.091904	-11.651749
2489	  3.062271	  2.790543	 -5.746185	  9.615128	-12.165695	-11.408951
2494	  2.862000	  2.989746	 -5.715744	  9.972183	-12.365646	-10.918594
2500	  2.643570	  3.200699	 -5.683701	 10.393509	-12.318039	-10.592484
2504	  2.405914	  3.396164	 -5.671951	 10.750565	-11.980026	-10.611526
2509	  2.179474	  3.600708	 -5.713074	 10.345901	-11.511093	-10.506790
2514	  1.970123	  3.821808	 -5.778763	 10.412552	-11.901474	-10.932877
2519	  1.768250	  4.047180	 -5.852997	 10.410172	-12.832199	-10.682938
2524	  1.566910	  4.257065	 -5.926163	 11.159988	-13.251144	 -9.925980
2529	  1.343674	  4.399658	 -5.962479	 11.838394	-13.253525	 -9.511795
2534	  1.113495	  4.501663	 -5.955002	 11.919327	-13.084518	 -9.535599
2539	  0.903610	  4.576965	 -5.922424	 12.502518	-13.005966	 -9.971207
2544	  0.727905	  4.616486	 -5.855667	 12.492996	-12.817917	-10.385391
2550	  0.586914	  4.631973	 -5.779297	 12.450150	-12.410873	-10.578201
2555	  0.474762	  4.612213	 -5.696518	 12.452530	-11.913376	-10.711502
2559	  0.379166	  4.552399	 -5.603592	 12.259720	-11.356369	-10.663895
2565	  0.292114	  4.458405	 -5.520279	 11.950272	-10.713669	-10.537735
2570	  0.202927	  4.328094	 -5.451385	 11.840775	-10.111435	-10.349686
2575	  0.107864	  4.173752	 -5.393707	 11.750320	 -9.425888	-10.168777
2580	  0.010132	  4.000183	 -5.353653	 11.433731	 -8.668930	 -9.785538
2585	 -0.097214	  3.837296	 -5.334961	 11.143326	 -7.909592	 -9.190445
2590	 -0.216843	  3.702179	 -5.346710	 10.817215	 -6.878891	 -8.631058
2595	 -0.347153	  3.599640	 -5.384628	 10.805313	 -6.117172	 -8.623917
2600	 -0.474258	  3.517395	 -5.435364	 11.002884	 -5.729172	 -8.526321
2605	 -0.600830	  3.460785	 -5.489838	 11.186172	 -6.043381	 -8.188309
2610	 -0.733810	  3.438889	 -5.537903	 11.424210	 -6.633713	 -7.431351
2615	 -0.881744	  3.447968	 -5.581696	 11.545609	 -7.116928	 -6.695816
2620	 -1.049438	  3.487488	 -5.609467	 11.547989	 -7.583481	 -6.193558
2625	 -1.224075	  3.555313	 -5.636169	 11.238541	 -7.642990	 -5.358047
2630	 -1.410461	  3.623138	 -5.653793	 11.262344	 -7.166916	 -4.936722
2635	 -1.592041	  3.687759	 -5.647385	 11.659866	 -6.931259	 -5.012894
2640	 -1.749054	  3.736893	 -5.601456	 11.802689	 -6.562302	 -5.022415
2645	 -1.885239	  3.755585	 -5.529358	 11.755081	 -6.226669	 -5.031937
2650	 -2.003265	  3.746506	 -5.447647	 11.452774	 -5.814865	 -4.905777
2656	 -2.106873	  3.728348	 -5.377151	 11.169510	 -5.272141	 -4.765335
2660	 -2.205139	  3.684555	 -5.320007	 11.043350	 -4.857956	 -4.617752
2665	 -2.289520	  3.603912	 -5.267136	 10.902908	 -4.646103	 -4.689163
2670	 -2.373367	  3.494431	 -5.216934	 10.605362	 -4.405685	 -4.529678
2675	 -2.456680	  3.382278	 -5.172607	 10.474442	 -3.958176	 -4.232132
2680	 -2.548538	  3.277069	 -5.131485	 10.341141	 -3.524948	 -3.825089
2685	 -2.643066	  3.184677	 -5.096771	 10.179276	 -3.189316	 -3.463272
2704	 -2.745071	  3.099762	 -5.067932	 10.174515	 -2.965561	 -3.191910
2705	 -2.847610	  3.033005	 -5.043900	 10.372086	 -2.998886	 -3.068130
2705	 -2.942139	  2.982803	 -5.005981	 10.226883	 -3.053635	 -2.820572
2706	 -3.038803	  2.946487	 -4.969131	 10.022171	 -3.110764	 -2.394485
2711	 -3.140274	  2.929932	 -4.927475	  9.941238	 -3.029831	 -1.920792
2715	 -3.252426	  2.922989	 -4.887421	  9.941238	 -3.027451	 -1.447098
2720	 -3.372589	  2.920319	 -4.837753	  9.915054	 -3.017929	 -1.099564
2726	 -3.495422	  2.912842	 -4.783279	  9.979324	 -3.025070	 -0.932938
2731	 -3.612381	  2.910172	 -4.710114	 10.081680	 -3.160751	 -0.873428
2736	 -3.717056	  2.917114	 -4.628937	  9.567520	 -2.953659	 -0.568741
2741	 -3.817993	  2.937408	 -4.554169	  9.458023	 -2.879868	 -0.452103
2746	 -3.905579	  2.954498	 -4.474594	  9.350906	 -2.725143	 -0.409256
2751	 -3.977142	  2.981201	 -4.391281	  9.077164	 -2.687057	 -0.380692
2756	 -4.042297	  3.015915	 -4.307968	  8.741531	 -2.477585	 -0.087906
2761	 -4.095703	  3.052231	 -4.235870	  8.534439	 -2.337143	 -0.078384
2766	 -4.138962	  3.098694	 -4.170181	  8.441605	 -2.182419	  0.023972
2771	 -4.174210	  3.123260	 -4.097549	  8.486832	 -2.125290	  0.045395
2776	 -4.206787	  3.143021	 -4.023315	  8.046463	 -1.875351	  0.216782
2781	 -4.232956	  3.147827	 -3.963501	  7.772720	 -1.715866	  0.252487
2786	 -4.253784	  3.139282	 -3.918106	  7.698929	 -1.725388	  0.162033
2791	 -4.268738	  3.102966	 -3.875916	  7.498978	 -1.842026	  0.157272
2796	 -4.280487	  3.054367	 -3.836929	  7.391861	 -1.927719	  0.126328
2802	 -4.282623	  2.987076	 -3.805420	  7.158585	 -1.951523	  0.212021
2806	 -4.289566	  2.908569	 -3.779251	  6.908646	 -1.968185	  0.364365
2811	 -4.294907	  2.805496	 -3.770172	  6.599197	 -1.884872	  0.533371
2816	 -4.307724	  2.691742	 -3.768570	  6.404007	 -1.892014	  0.588120
2821	 -4.322144	  2.568909	 -3.782455	  6.204056	 -2.037216	  0.578598
2826	 -4.340302	  2.442337	 -3.802750	  6.070755	 -2.303818	  0.647629
2831	 -4.355789	  2.310425	 -3.818237	  6.051712	 -2.627548	  0.759506
2836	 -4.373413	  2.172638	 -3.823578	  6.006485	 -2.906052	  0.892807
2841	 -4.401184	  2.019363	 -3.819305	  5.980301	 -3.110764	  1.057053
2846	 -4.428955	  1.852737	 -3.799545	  5.854141	 -3.251205	  1.237961
2852	 -4.460464	  1.688248	 -3.772842	  5.675613	 -3.344040	  1.552170
2857	 -4.493042	  1.545120	 -3.737595	  5.463760	 -3.289291	  1.916367
2862	 -4.534164	  1.413742	 -3.706085	  5.354263	 -3.251205	  2.092514
2867	 -4.572617	  1.297318	 -3.678848	  5.242386	 -3.289291	  2.263901
2872	 -4.612671	  1.194778	 -3.647339	  5.209061	 -3.344040	  2.337692
2877	 -4.655396	  1.105057	 -3.611557	  5.111465	 -3.386887	  2.563828
2882	 -4.700256	  1.022278	 -3.566696	  4.961502	 -3.315475	  2.882797
2887	 -4.753128	  0.951248	 -3.526642	  4.823441	 -3.229782	  3.218430
2892	 -4.818817	  0.891968	 -3.484985	  4.635391	 -3.129807	  3.477890
2897	 -4.891983	  0.828949	 -3.451874	  4.549698	 -3.148849	  3.537399
2902	 -4.974228	  0.765930	 -3.419830	  4.535416	 -3.286911	  3.734970
2907	 -5.066620	  0.711456	 -3.393661	  4.399734	 -3.317856	  4.101547
2912	 -5.179306	  0.651108	 -3.381378	  4.352127	 -3.455917	  4.463364
2917	 -5.314423	  0.593430	 -3.385651	  4.306900	 -3.686813	  4.729965
2922	 -5.466095	  0.524002	 -3.400604	  4.237869	 -3.936752	  5.017990
2927	 -5.628448	  0.463654	 -3.421967	  4.337845	 -4.181931	  5.108444
2932	 -5.789200	  0.410782	 -3.443329	  4.504471	 -4.389023	  5.163193
2937	 -5.948883	  0.346695	 -3.462555	  4.742508	 -4.493759	  5.227463
2942	 -6.107498	  0.277267	 -3.471100	  4.885330	 -4.524704	  5.460739
2947	 -6.265579	  0.224930	 -3.480179	  4.925797	 -4.515182	  5.729721
2952	 -6.415649	  0.190216	 -3.497803	  4.904373	 -4.550888	  5.993942
2958	 -6.560913	  0.169388	 -3.529312	  4.982925	 -4.669907	  6.217697
2962	 -6.687485	  0.146957	 -3.561890	  5.011490	 -4.669907	  6.362900
2967	 -6.807648	  0.125595	 -3.600876	  4.949600	 -4.615158	  6.336716
2972	 -6.900574	  0.105301	 -3.648407	  5.018631	 -4.684189	  6.229599
2977	 -6.966263	  0.083405	 -3.703415	  5.106705	 -4.884140	  6.277206
2982	 -7.010056	  0.049759	 -3.758957	  5.249527	 -5.181686	  6.343857
2988	 -7.042099	  0.010773	 -3.819305	  5.040054	 -5.672043	  6.472397
2993	 -7.047974	 -0.013260	 -3.890335	  5.149551	 -6.148117	  6.562851
2998	 -7.041031	 -0.037292	 -3.970978	  5.363785	 -6.557541	  6.972275
3004	 -7.019669	 -0.084290	 -4.046814	  5.768448	 -6.938400	  7.081772
3019	 -6.981750	 -0.149979	 -4.110367	  5.942215	 -7.378769	  7.417404
3020	 -6.934753	 -0.228485	 -4.170715	  6.106461	 -7.719162	  7.933945
3021	 -6.878677	 -0.306992	 -4.227859	  6.311172	 -7.966721	  8.364792
3022	 -6.800705	 -0.367340	 -4.275925	  6.534927	 -8.114304	  8.793259
3028	 -6.709381	 -0.412201	 -4.323456	  6.853897	 -8.364243	  9.076523
3033	 -6.594025	 -0.430893	 -4.357635	  7.322830	 -8.554672	  9.443100
3038	 -6.454636	 -0.430359	 -4.376328	  7.598953	 -8.635605	  9.614487
3043	 -6.288010	 -0.434631	 -4.389145	  7.922684	 -8.714157	  9.900131
3048	 -6.104828	 -0.427155	 -4.396622	  8.122635	 -8.759384	 10.373825
3053	 -5.712830	 -0.339569	 -4.435608	  8.053604	 -8.918869	 11.149826
3058	 -5.524307	 -0.264801	 -4.479401	  8.203568	 -9.125961	 11.885361
3063	 -5.346466	 -0.175613	 -4.545090	  8.196426	 -9.221176	 12.701828
3068	 -5.187317	 -0.060257	 -4.618790	  8.360672	 -9.563950	 13.449265
3075	 -5.041519	  0.069519	 -4.705841	  8.479691	-10.035263	 14.122910
3078	 -4.917084	  0.204636	 -4.807846	  8.460648	-10.437546	 14.803696
3083	 -4.815613	  0.327469	 -4.925339	  8.539200	-10.811264	 15.560654
3088	 -4.722153	  0.441757	 -5.047104	  8.536819	-11.234970	 16.020065
3093	 -4.630295	  0.550705	 -5.182755	  8.408279	-11.620590	 16.172409
3098	 -4.526688	  0.642029	 -5.329620	  8.415421	-12.039536	 16.253342
3104	 -4.412933	  0.720001	 -5.483963	  8.284500	-12.263290	 16.270004
3108	 -4.287964	  0.779816	 -5.643112	  8.094070	-12.517990	 16.336655
3113	 -4.146973	  0.821472	 -5.803329	  7.941727	-12.713181	 16.434250
3120	 -3.984085	  0.860458	 -5.966217	  7.867935	-12.896469	 16.162888
3123	 -3.789688	  0.883957	 -6.130173	  7.656082	-13.096420	 15.772507
3128	 -3.559509	  0.893036	 -6.305344	  7.191910	-13.067856	 15.260727
3133	 -3.302628	  0.871140	 -6.471436	  7.451370	-13.424911	 14.484726
3138	 -3.018509	  0.815063	 -6.633255	  7.127640	-13.496323	 14.003891
3143	 -2.707687	  0.745102	 -6.785995	  7.011002	-13.517746	 13.413559
3148	 -2.363220	  0.662323	 -6.916306	  7.244278	-13.510605	 12.770859
3154	 -1.993118	  0.567795	 -7.024719	  7.732254	-13.820053	 11.725876
3159	 -1.610199	  0.466858	 -7.105362	  7.565628	-13.734360	 11.430710
3164	 -1.233154	  0.339218	 -7.182800	  7.541824	-13.627243	 11.123642
3169	 -0.855576	  0.195023	 -7.245819	  7.522781	-13.489182	 11.018906
3174	 -0.489212	  0.043350	 -7.298157	  7.494217	-13.305893	 10.826096
3179	 -0.135132	 -0.114731	 -7.345688	  7.579910	-13.020248	 10.783249
3184	  0.189575	 -0.287766	 -7.388947	  7.627518	-12.696518	 10.685654
3189	  0.482239	 -0.488571	 -7.420456	  7.568008	-12.339462	 10.721359
3200	  0.735916	 -0.713409	 -7.458908	  7.513260	-11.977646	 10.785629
3201	  0.949539	 -0.949463	 -7.500031	  7.665604	-11.644394	 10.607101
3204	  1.136459	 -1.188187	 -7.539551	  7.920303	-11.165939	 10.383347
3209	  1.305222	 -1.410889	 -7.566788	  8.079788	-10.785080	 10.097702
3214	  1.459030	 -1.605286	 -7.592957	  8.279739	-10.387558	  9.869186
3219	  1.598419	 -1.770309	 -7.618591	  8.393997	-10.059067	  9.790634
3224	  1.712173	 -1.919846	 -7.639954	  8.598709	 -9.706772	  9.871567
3229	  1.799759	 -2.067245	 -7.656509	  8.886734	 -9.387802	  9.866806
3234	  1.860107	 -2.200760	 -7.662384	  8.979568	 -9.002182	  9.793015
3239	  1.895889	 -2.304367	 -7.661316	  9.179520	 -8.690353	  9.907272
3244	  1.910843	 -2.382339	 -7.641022	  9.486588	 -8.354721	  9.802536
3249	  1.911377	 -2.445358	 -7.603104	  9.779373	 -8.052414	  9.671616
3254	  1.909775	 -2.464584	 -7.551300	  9.822220	 -7.712021	  9.973923
3259	  1.893753	 -2.436813	 -7.481873	  9.869827	 -7.364487	 10.357162
3264	  1.861176	 -2.377533	 -7.397491	 10.117386	 -7.016953	 10.478561
3269	  1.825928	 -2.294220	 -7.279465	 10.338760	 -6.702744	 10.197678
3274	  1.800827	 -2.209839	 -7.142212	 10.307816	 -6.355209	  9.990585
3279	  1.781601	 -2.109436	 -6.986801	 10.272110	 -6.071945	  9.664474
3284	  1.785873	 -1.991409	 -6.822311	 10.124527	 -5.772018	  9.221725
3290	  1.804565	 -1.871246	 -6.650345	  9.979324	 -5.403061	  8.790878
3294	  1.845688	 -1.760162	 -6.466629	  9.772232	 -5.105515	  8.595688
3300	  1.898026	 -1.664566	 -6.292526	  9.458023	 -4.822250	  8.393356
3305	  1.951431	 -1.588196	 -6.113083	  9.193802	 -4.543747	  8.052963
3310	  2.015518	 -1.545471	 -5.938446	  9.053360	 -4.250961	  7.431686
3315	  2.092957	 -1.540131	 -5.757401	  8.724869	 -3.889145	  6.898483
3320	  2.188019	 -1.562561	 -5.591843	  8.310684	 -3.577316	  6.484299
3324	  2.292160	 -1.609558	 -5.439102	  8.032181	 -3.220261	  6.027267
3329	  2.401642	 -1.675781	 -5.297577	  7.734634	 -2.839401	  5.696396
3335	  2.513260	 -1.772980	 -5.165131	  7.534683	 -2.556137	  5.541672
3340	  2.619003	 -1.897415	 -5.038559	  7.356155	 -2.234787	  5.303635
3345	  2.722610	 -2.022385	 -4.918930	  7.194290	 -1.934860	  4.944199
3350	  2.831024	 -2.146820	 -4.804642	  7.127640	 -1.639694	  4.565720
3355	  2.947449	 -2.261642	 -4.697296	  6.851517	 -1.182663	  4.125351
3360	  3.069748	 -2.385544	 -4.608109	  6.670609	 -0.887497	  3.887314
3365	  3.193649	 -2.503571	 -4.536011	  6.608719	 -0.551865	  3.673080
3370	  3.325027	 -2.576736	 -4.478333	  6.506363	 -0.197189	  3.763535
3375	  3.457474	 -2.560715	 -4.438278	  6.444473	  0.121780	  4.225327
3380	  3.589920	 -2.437347	 -4.408905	  6.175491	  0.597855	  4.627609
3385	  3.709015	 -2.248825	 -4.383804	  6.142166	  0.883499	  4.625229
3390	  3.820633	 -2.050690	 -4.357635	  6.165970	  1.059647	  4.472885
3395	  3.931183	 -1.859497	 -4.327194	  6.044571	  1.078690	  4.220566
3400	  4.041733	 -1.688065	 -4.289276	  5.887466	  1.138199	  3.770676
3407	  4.157623	 -1.544403	 -4.244415	  5.599442	  1.157242	  3.175583
3410	  4.279922	 -1.450943	 -4.201691	  5.349503	  1.250076	  2.544785
3415	  4.405426	 -1.420502	 -4.162704	  5.109085	  1.271500	  2.030624
3420	  4.534134	 -1.453079	 -4.117844	  5.016251	  1.259598	  1.514084
3425	  4.663910	 -1.529984	 -4.069244	  4.723465	  1.404800	  0.997543
3431	  4.797424	 -1.654419	 -4.023849	  4.518753	  1.478592	  0.454819
3435	  4.935211	 -1.801819	 -3.980591	  4.325943	  1.657120	  0.043015
3441	  5.077805	 -1.957230	 -3.945877	  4.116470	  1.852310	 -0.190262
3446	  5.222000	 -2.098755	 -3.917572	  4.056961	  2.004654	 -0.271194
3451	  5.362457	 -2.215714	 -3.898880	  3.983170	  2.247452	 -0.285477
3456	  5.499176	 -2.310776	 -3.882858	  3.978409	  2.449783	 -0.409256
3461	  5.630554	 -2.370590	 -3.872177	  3.935562	  2.523575	 -0.502090
3466	  5.760330	 -2.414383	 -3.866302	  3.921280	  2.599747	 -0.606827
3471	  5.882629	 -2.435211	 -3.865234	  3.590408	  2.692581	 -0.640152
3476	  6.004395	 -2.436279	 -3.877518	  3.454727	  2.635452	 -0.675858
3481	  6.120819	 -2.429871	 -3.897812	  3.395218	  2.640213	 -0.771072
3486	  6.239914	 -2.422394	 -3.918106	  3.230972	  2.683060	 -0.918655
3491	  6.357941	 -2.435745	 -3.937866	  3.164322	  2.614029	 -1.249527
3496	  6.482376	 -2.466187	 -3.953354	  3.073868	  2.437881	 -1.644669
3501	  6.617493	 -2.517990	 -3.968842	  2.895340	  2.199844	 -2.194534
3507	  6.772369	 -2.577271	 -3.980057	  2.852493	  1.978470	 -2.694412
3511	  6.946472	 -2.658981	 -3.979523	  2.833450	  1.695206	 -3.025284
3516	  7.129120	 -2.729477	 -3.970444	  3.321426	  1.597610	 -3.284744
3521	  7.328857	 -2.782883	 -3.934662	  3.735611	  1.590469	 -3.891739
3526	  7.544083	 -2.807983	 -3.879654	  3.995071	  1.523819	 -4.289261
3531	  7.772125	 -2.785553	 -3.801682	  3.661819	  1.702347	 -4.489212
3536	  8.007645	 -2.678741	 -3.722641	  3.464249	  1.883255	 -4.334488
3541	  8.236221	 -2.493423	 -3.651077	  3.580887	  2.011795	 -3.986954
3546	  8.430084	 -2.245087	 -3.570969	  3.833206	  1.788040	 -3.513260
3551	  8.591904	 -1.944412	 -3.473236	  3.833206	  1.471451	 -3.030045
3556	  8.707260	 -1.603149	 -3.360016	  3.702286	  1.066788	 -2.568253
3562	  8.778824	 -1.226639	 -3.247864	  3.633255	  0.474075	 -2.154068
3566	  8.808731	 -0.830902	 -3.128769	  3.497574	 -0.256699	 -1.682755
3571	  8.789505	 -0.422348	 -3.004868	  3.335709	 -1.113632	 -1.513748
3576	  8.739838	 -0.011658	 -2.878296	  3.471390	 -1.925339	 -1.587540
3581	  8.655991	  0.365921	 -2.752792	  3.642776	 -2.734665	 -1.866043
3587	  8.564133	  0.711456	 -2.621948	  3.428543	 -3.301193	 -2.549210
3592	  8.478683	  1.043640	 -2.510330	  2.700150	 -3.358322	 -3.475174
3597	  8.416199	  1.340042	 -2.446777	  2.040787	 -2.977463	 -4.824844
3602	  8.379349	  1.579300	 -2.445709	  1.698013	 -2.358566	 -6.093582
3607	  8.363327	  1.757675	 -2.499649	  0.767288	 -1.473068	 -6.943375
3612	  8.356384	  1.889053	 -2.627289	  0.153152	 -0.930344	 -7.914566
3617	  8.347839	  1.956345	 -2.819550	 -0.115829	 -0.847031	 -8.259720
3622	  8.306717	  1.932312	 -3.051331	 -0.261032	 -1.346909	 -8.081192
3627	  8.218063	  1.829773	 -3.310883	 -0.325302	 -2.115768	 -7.902664
3632	  8.074402	  1.658875	 -3.592865	 -0.094406	 -2.763229	 -7.578934
3637	  7.887482	  1.428162	 -3.877518	  0.403091	 -3.160751	 -7.636063
3642	  7.670654	  1.164871	 -4.145081	  1.095779	 -3.765366	 -7.800308
3647	  7.446884	  0.895706	 -4.375793	  1.850357	 -4.393784	 -7.997879
3652	  7.227921	  0.670334	 -4.562180	  2.550186	 -5.119797	 -8.016922
3657	  7.023376	  0.509048	 -4.698898	  3.285721	 -5.700607	 -8.083572
3662	  6.666626	  0.395294	 -4.829208	  3.968887	 -6.164780	 -7.985977
3667	  6.666626	  0.395294	 -4.829208	  4.566360	 -6.700363	 -8.131180
3672	  6.521362	  0.447632	 -4.828140	  4.928177	 -7.314499	 -8.278763
3677	  6.401733	  0.560318	 -4.803040	  5.223343	 -8.030991	 -8.200211
3682	  6.177963	  0.827347	 -4.716522	  5.342361	 -8.552292	 -8.131180
3687	  6.072754	  0.952316	 -4.684479	  5.266190	 -8.918869	 -8.321609
3700	  5.967545	  1.055923	 -4.676468	  5.066238	 -9.280685	 -8.583450
3700	  5.868744	  1.135498	 -4.695160	  4.856766	 -9.751999	 -9.107132
3702	  5.773682	  1.169678	 -4.736816	  4.742508	-10.230453	 -9.380875
3708	  5.677551	  1.149384	 -4.800903	  4.871048	-10.816025	 -9.654617
3712	  5.581421	  1.078354	 -4.875137	  4.985306	-11.237350	-10.114029
3717	  5.504517	  0.985428	 -4.971268	  5.059097	-11.577744	-10.773392
3722	  5.432419	  0.888763	 -5.076477	  5.225723	-11.875290	-11.263748
3727	  5.357117	  0.805450	 -5.180618	  5.658951	-12.408493	-11.439896
3732	  5.263657	  0.729080	 -5.276215	  6.104080	-13.058334	-11.189957
3737	  5.141891	  0.674072	 -5.356323	  6.546829	-13.389206	-10.778152
3742	  5.000900	  0.654846	 -5.420944	  7.077652	-13.536789	-10.590103
3748	  4.843353	  0.671402	 -5.467941	  7.515640	-13.741501	-10.473465
3753	  4.678329	  0.717331	 -5.505325	  7.732254	-13.948593	-10.352066
3758	  4.501556	  0.796371	 -5.534164	  8.032181	-14.079514	-10.216385
3763	  4.321579	  0.887695	 -5.557129	  8.398758	-14.315170	-10.266373
3768	  4.123978	  0.990768	 -5.581696	  8.398758	-14.315170	-10.266373
3773	  3.922638	  1.098114	 -5.603058	  8.551102	-14.460373	-10.154495
3778	  3.722366	  1.211334	 -5.629761	  8.796280	-14.327072	-10.504410
3783	  3.524765	  1.321350	 -5.664474	  8.917679	-14.077133	-10.682938
3788	  3.330902	  1.430298	 -5.702927	  9.072403	-13.929550	-10.728165
3793	  3.135437	  1.547791	 -5.748322	  9.222366	-13.755783	-10.680557
3798	  2.935165	  1.665283	 -5.796921	  9.374710	-13.767685	-10.590103
3803	  2.725281	  1.793991	 -5.851395	  9.643692	-13.855759	-10.394913
3809	  2.502045	  1.921631	 -5.901062	  9.948380	-13.950974	-10.225906
3813	  2.272400	  2.053009	 -5.954468	 10.393509	-13.881943	-10.190201
3818	  2.025131	  2.176376	 -6.028168	  9.662735	-13.403488	 -9.692703
3823	  1.779465	  2.341934	 -6.166489	  9.903152	-14.148544	 -9.942642
3828	  1.549820	  2.536865	 -6.336853	 10.729141	-14.660324	 -9.864090
3833	  1.339401	  2.740341	 -6.473572	 11.362320	-14.436569	 -9.890274
3838	  1.150345	  2.945953	 -6.575043	 11.686050	-14.243759	 -9.899796
3843	  0.984253	  3.163849	 -6.655151	 12.083572	-14.405624	 -9.778397
3848	  0.836853	  3.384949	 -6.701080	 12.471573	-14.653183	 -9.566544
3853	  0.697998	  3.579346	 -6.714432	 12.728653	-14.577011	 -9.542740
3859	  0.563416	  3.729950	 -6.700546	 12.788162	-14.127121	 -9.742691
3864	  0.442719	  3.822876	 -6.671173	 12.673904	-13.605820	 -9.987869
3869	  0.337509	  3.872543	 -6.651947	 12.443008	-13.096420	-10.218765
3874	  0.238174	  3.873611	 -6.631653	 12.314468	-12.694138	-10.230667
3879	  0.135101	  3.828217	 -6.614029	 12.076431	-12.060959	-10.140213
3884	  0.025620	  3.745972	 -6.611893	 11.788406	-11.580124	 -9.961685
3889	 -0.094009	  3.643967	 -6.618835	 11.576553	-11.006454	 -9.714127
3894	 -0.229126	  3.523270	 -6.627380	 11.486099	-10.394699	 -9.630814
3899	 -0.369049	  3.383881	 -6.645538	 11.436111	 -9.992416	 -9.564163
3904	 -0.512711	  3.226334	 -6.656754	 11.243301	 -9.530624	 -9.178543
3909	 -0.667587	  3.080002	 -6.667435	 11.383743	 -9.192612	 -9.019058
3914	 -0.828873	  2.952896	 -6.664764	 11.369461	 -8.868881	 -8.740555
3923	 -0.978943	  2.853027	 -6.651947	 11.345657	 -8.752243	 -8.497757
3926	 -1.132217	  2.780930	 -6.620972	 11.157608	 -8.754623	 -8.116898
3929	 -1.284958	  2.742477	 -6.580383	 10.805313	 -8.671310	 -7.638443
3936	 -1.433426	  2.728058	 -6.543533	 10.626785	 -8.423752	 -7.440872
3941	 -1.589905	  2.697617	 -6.504547	 10.781509	 -8.183334	 -7.286148
3946	 -1.742111	  2.639404	 -6.446869	 10.871964	 -7.914352	 -7.217117
3951	 -1.887909	  2.559830	 -6.369965	 10.662491	 -7.735825	 -7.033829
3956	 -2.026230	  2.470108	 -6.287186	 10.512527	 -7.528732	 -6.891006
3963	 -2.152267	  2.385727	 -6.200134	 10.453018	 -7.205002	 -6.741043
3965	 -2.271896	  2.312027	 -6.105606	 10.284012	 -6.847946	 -6.533951
3972	 -2.383514	  2.254883	 -6.006271	 10.291153	 -6.559921	 -6.224503
3977	 -2.487122	  2.195068	 -5.904266	 10.326859	 -6.321884	 -5.943619
3980	 -2.592865	  2.145935	 -5.789444	 10.350662	 -6.029099	 -5.705582
3987	 -2.692734	  2.099472	 -5.669281	 10.203079	 -5.526840	 -5.672256
3992	 -2.784592	  2.053009	 -5.547516	 10.129288	 -5.055527	 -5.465164
3997	 -2.874313	  1.996933	 -5.422546	  9.912674	 -4.517563	 -5.120010
4005	 -2.972580	  1.941925	 -5.303986	  9.724625	 -4.181931	 -4.965286
4006	 -3.074051	  1.875702	 -5.198776	  9.536575	 -3.670151	 -4.634415
4025	 -3.181931	  1.806808	 -5.106384	  9.298538	 -3.279770	 -4.403519
4026	 -3.298355	  1.740585	 -5.018799	  9.148575	 -2.936996	 -4.005997
4027	 -3.431335	  1.678635	 -4.942963	  9.181900	 -2.727524	 -3.622757
4028	 -3.568588	  1.636978	 -4.864456	  9.141434	 -2.653732	 -3.137161
4030	 -3.716522	  1.612411	 -4.777939	  9.203323	 -2.775131	 -2.872940
4035	 -3.862854	  1.618286	 -4.679138	  9.096207	 -2.948898	 -2.330215
4042	 -4.007050	  1.674362	 -4.571259	  9.024796	 -3.082199	 -1.875565
4045	 -4.148575	  1.769424	 -4.454300	  8.915298	 -3.153610	 -1.677994
4050	 -4.277283	  1.881042	 -4.330399	  8.784378	 -3.044113	 -1.316177
4055	 -4.398514	  2.000137	 -4.211304	  8.593948	 -2.825119	 -1.182877
4060	 -4.498383	  2.122437	 -4.094879	  8.546341	 -2.689438	 -1.147171
4065	 -4.577957	  2.230850	 -3.977386	  8.486832	 -2.639450	 -1.273331
4070	 -4.636703	  2.334457	 -3.857758	  8.360672	 -2.484726	 -1.406631
4075	 -4.667679	  2.428986	 -3.741333	  8.079788	 -2.196701	 -1.487564
4080	 -4.685303	  2.505890	 -3.626511	  7.898880	 -1.918198	 -1.497086
4085	 -4.685303	  2.563568	 -3.522903	  7.701309	 -1.632553	 -1.551834
4090	 -4.673019	  2.596146	 -3.431046	  7.468033	 -1.344528	 -1.647049
4095	 -4.648453	  2.616974	 -3.347733	  7.113358	 -1.113632	 -1.587540
4101	 -4.620148	  2.604156	 -3.286850	  6.784866	 -0.966049	 -1.499466
4106	 -4.591309	  2.569443	 -3.243057	  6.515884	 -0.882736	 -1.413773
4111	 -4.572617	  2.512299	 -3.214218	  6.301651	 -0.804184	 -1.268570
4116	 -4.557663	  2.444473	 -3.200867	  5.977921	 -0.685165	 -1.104324
4122	 -4.544846	  2.341934	 -3.206207	  5.847000	 -0.556625	 -0.878189
4128	 -4.546448	  2.219635	 -3.216888	  5.497086	 -0.494736	 -0.583023
4131	 -4.554993	  2.078110	 -3.244125	  5.411392	 -0.520920	 -0.349747
4138	 -4.568344	  1.931244	 -3.265488	  5.532791	 -0.737534	 -0.140274
4141	 -4.586502	  1.777435	 -3.275101	  5.480423	 -0.911301	  0.231064
4151	 -4.605728	  1.624695	 -3.275635	  5.418533	 -0.961288	  0.376266
4153	 -4.624420	  1.469284	 -3.261749	  5.449478	 -1.018417	  0.481003
4157	 -4.642044	  1.313873	 -3.229172	  5.523270	 -0.994614	  0.592880
4165	 -4.658066	  1.157394	 -3.181641	  5.644669	 -1.037460	  0.761887
4169	 -4.670349	  1.003052	 -3.119690	  5.556595	 -1.085068	  0.971359
4172	 -4.677826	  0.860458	 -3.047592	  5.535172	 -1.113632	  1.259384
4179	 -4.684769	  0.737091	 -2.970688	  5.480423	 -1.096970	  1.528366
4183	 -4.699722	  0.627609	 -2.890045	  5.389969	 -1.051743	  1.952072
4187	 -4.708801	  0.540024	 -2.811005	  5.375687	 -1.056503	  2.097275
4210	 -4.725357	  0.471664	 -2.736237	  5.494705	 -1.135056	  2.482895
4211	 -4.742981	  0.427872	 -2.656662	  5.535172	 -1.194565	  2.809006
4212	 -4.762207	  0.412918	 -2.582428	  5.375687	 -1.239792	  3.185104
4213	 -4.783035	  0.418259	 -2.527420	  5.244766	 -1.251694	  3.561203
4213	 -4.812943	  0.441757	 -2.490570	  5.163834	 -1.273117	  4.022995
4216	 -4.854065	  0.477539	 -2.471878	  5.082901	 -1.282639	  4.396713
4221	 -4.901062	  0.526672	 -2.461731	  4.959122	 -1.282639	  4.694260
4226	 -4.956604	  0.583817	 -2.464401	  4.868668	 -1.294540	  4.958481
4231	 -5.015350	  0.639893	 -2.478287	  4.718704	 -1.354050	  5.163193
4236	 -5.076233	  0.695435	 -2.506592	  4.630630	 -1.477829	  5.217941
4241	 -5.136047	  0.738159	 -2.539703	  4.513992	 -1.675400	  5.332199
4246	 -5.185715	  0.770737	 -2.571213	  4.461624	 -1.887253	  5.401230
4251	 -5.236450	  0.794235	 -2.601654	  4.540176	 -2.072922	  5.413132
4256	 -5.277039	  0.803314	 -2.616608	  4.618729	 -2.258591	  5.370285
4262	 -5.313354	  0.792633	 -2.617142	  4.852005	 -2.510910	  5.248886
4267	 -5.357147	  0.707184	 -2.572815	  4.906754	 -2.663254	  5.315536
4272	 -5.357147	  0.707184	 -2.572815	  4.797256	 -2.889389	  5.260788
4277	 -5.369431	  0.645767	 -2.540237	  4.842484	 -3.175034	  5.279831
4282	 -5.376373	  0.574203	 -2.498047	  4.802017	 -3.346420	  5.563095
4287	 -5.383316	  0.490356	 -2.451050	  4.868668	 -3.534470	  5.786850
4292	 -5.388657	  0.394760	 -2.393906	  4.904373	 -3.689194	  5.889206
4297	 -5.390259	  0.283676	 -2.332489	  5.011490	 -3.860580	  6.101059
4318	 -5.394531	  0.160309	 -2.278015	  5.021011	 -4.020065	  6.329575
4319	 -5.397202	  0.038010	 -2.233154	  4.894852	 -4.096237	  6.579514
4319	 -5.374771	 -0.199646	 -2.209122	  4.694901	 -4.177170	  6.815170
4320	 -5.353943	 -0.309662	 -2.227280	  4.694901	 -4.260483	  6.993698
4322	 -5.325638	 -0.407394	 -2.261993	  4.661575	 -4.355698	  7.096054
4327	 -5.280777	 -0.490173	 -2.309525	  4.694901	 -4.436630	  7.186508
4332	 -5.231110	 -0.556931	 -2.363998	  4.671097	 -4.608017	  7.336472
4339	 -5.179840	 -0.615677	 -2.433960	  4.680618	 -4.698471	  7.526901
4342	 -5.124832	 -0.668015	 -2.504990	  4.763931	 -4.848434	  7.819687
4348	 -5.070892	 -0.711273	 -2.568008	  4.999588	 -5.010300	  8.031540
4354	 -5.018555	 -0.766815	 -2.625153	  5.270950	 -5.234055	  8.224350
4357	 -4.969421	 -0.827698	 -2.660400	  5.670853	 -5.493515	  8.462387
4366	 -4.929901	 -0.888580	 -2.679092	  6.046951	 -5.733932	  8.738510
4371	 -4.898392	 -0.960144	 -2.688171	  6.787247	 -6.052902	  9.571640
4372	 -4.887177	 -1.022629	 -2.689774	  6.787247	 -6.052902	  9.571640
4381	 -4.885574	 -1.080841	 -2.687637	  7.015762	 -6.164780	 10.083420
4383	 -4.897858	 -1.120361	 -2.691376	  7.287125	 -6.267136	 10.542831
4391	 -4.915482	 -1.134781	 -2.703125	  7.620377	 -6.326645	 10.885605
4393	 -4.945923	 -1.128372	 -2.730896	  7.784622	 -6.338547	 11.540207
4401	 -4.991318	 -1.094727	 -2.783234	  7.770340	 -6.295700	 12.294785
4403	 -5.045792	 -1.031708	 -2.868683	  7.827469	 -6.221909	 13.213608
4411	 -5.098129	 -0.949463	 -2.972290	  8.148819	 -6.207626	 13.589706
4416	 -5.148331	 -0.842651	 -3.089249	  8.422562	 -6.200485	 13.863449
4418	 -5.195328	 -0.719818	 -3.210480	  8.689163	 -6.274277	 14.241928
4426	 -5.241791	 -0.600723	 -3.345596	  8.786758	 -6.340927	 14.510910
4428	 -5.288254	 -0.482162	 -3.494064	  8.708206	 -6.459946	 14.965561
4436	 -5.331512	 -0.359329	 -3.667099	  8.734390	 -6.702744	 15.115524
4438	 -5.373703	 -0.230087	 -3.852951	  8.831985	 -6.940781	 15.374985
4446	 -5.406281	 -0.110992	 -4.046280	  8.970047	 -7.069321	 15.577316
4448	 -5.424438	  0.016647	 -4.235870	  9.036697	 -7.164536	 15.789169
4455	 -5.432449	  0.126663	 -4.423325	  9.067642	 -7.269272	 15.812973
4459	 -5.428711	  0.215317	 -4.604904	  9.043839	 -7.407333	 15.708237
4466	 -5.399872	  0.278870	 -4.777939	  8.941483	 -7.616806	 15.505905
4471	 -5.340057	  0.315720	 -4.951508	  8.905777	 -7.883408	 15.313095
4475	 -5.253540	  0.331207	 -5.112259	  8.884354	 -8.130966	 14.898911
4480	 -5.128036	  0.339218	 -5.261795	  8.805801	 -8.280930	 14.508530
4485	 -4.962479	  0.344025	 -5.404922	  8.434464	 -8.511826	 14.384750
4490	 -4.768082	  0.370193	 -5.557129	  7.798904	 -8.816513	 14.384750
4495	 -4.554459	  0.389420	 -5.718948	  7.368057	 -9.156906	 14.468063
4500	 -4.331223	  0.396362	 -5.888245	  7.032425	 -9.571091	 14.646591
4505	 -4.106918	  0.375000	 -6.062881	  6.603958	 -9.880539	 14.748947
4510	 -3.876740	  0.333344	 -6.235916	  6.242142	-10.320908	 14.710861
4516	 -3.636414	  0.271393	 -6.406815	  6.008865	-10.694626	 14.508530
4520	 -3.385406	  0.176331	 -6.565430	  5.842239	-11.099289	 14.363327
4525	 -3.121582	  0.053497	 -6.703751	  5.918411	-11.494431	 14.220505
4530	 -2.850815	 -0.110458	 -6.812698	  6.149307	-11.839584	 13.932480
4536	 -2.569901	 -0.301117	 -6.889069	  6.263565	-12.127609	 13.511154
4540	 -2.266556	 -0.498184	 -6.940872	  6.451614	-12.363266	 13.230270
4545	 -1.951996	 -0.682968	 -6.975052	  6.706314	-12.458481	 12.977951
4550	 -1.631561	 -0.851196	 -6.981995	  7.056229	-12.489426	 12.958908
4556	 -1.317535	 -1.006607	 -6.962769	  7.429947	-12.472763	 13.013657
4560	 -1.015259	 -1.137985	 -6.918442	  7.758438	-12.358505	 13.235031
4570	 -0.726868	 -1.249603	 -6.857025	  7.967911	-12.260910	 13.339767
4572	 -0.459839	 -1.343597	 -6.781723	  8.163101	-12.089523	 13.175522
